SNP CHR BP P NOBS
rs2244012 5 132565533 3e-07 3901
rs17525472 15 51677471 2e-06 3901
rs4815617 20 3846662 8e-06 3901
rs10762058 10 66328750 6e-06 347
rs9319321 13 26841536 3e-06 347
rs16937883 9 20098713 7e-06 347
rs6456042 6 166121254 6e-06 418
rs11655198 17 39869916 1e-63 157242
rs3104367 6 32635710 1e-40 157242
rs144829310 9 6208030 1e-31 157242
rs1837253 5 111066174 3e-31 157242
rs202011557 2 102297183 5e-31 157242
rs56375023 15 67156025 2e-21 157242
rs7936323 11 76582714 1e-16 157242
rs2428494 6 31354420 1e-16 157242
rs2244012 5 132565533 2e-16 157242
rs34290285 2 241759225 2e-15 157242
rs7203459 16 11136846 4e-15 157242
rs4233366 1 161189357 5e-15 157242
rs12413578 10 9007290 8e-12 157242
rs10957978 8 80372904 1e-11 157242
rs10519068 15 60776505 4e-11 157242
rs5743618 4 38797027 4e-11 157242
rs58521088 6 90275479 7e-11 157242
rs3001426 12 57115272 1e-10 157242
rs73196739 3 188684683 7e-09 157242
rs6683383 1 203131376 1e-08 157242
rs13412757 2 8317950 1e-08 157242
rs1723018 1 167464183 1e-08 157242
rs3784099 14 68283210 2e-08 157242
rs6959584 7 106036059 2e-08 157242
rs200634877 5 142150197 3e-08 157242
rs6691738 1 173182897 3e-08 157242
rs662064 1 10497194 3e-08 157242
rs848512 2 36448387 1e-06 877
rs10404342 19 56620870 8e-06 877
rs4879926 9 35700840 8e-06 877
rs1472066 4 118942321 8e-06 877
rs114633080 6 145083119 1e-06 820
rs10811516 9 21255050 1e-06 820
rs1837253 5 111066174 2e-20 90853
rs2706362 5 132589495 1e-11 90853
rs56062135 15 67163292 3e-23 90853
rs72823641 2 102319699 7e-18 90853
rs869402 17 39911790 7e-18 90853
rs9775039 9 6177453 7e-23 90853
rs1588265 5 60073967 3e-08 1205
rs1295686 5 132660151 1e-07 26475
rs3771166 2 102369762 3e-09 26475
rs1342326 9 6190076 9e-10 26475
rs3894194 17 39965740 5e-09 26475
rs2284033 22 37137994 1e-08 26475
rs744910 15 67154447 4e-09 26475
rs9273349 6 32658092 7e-14 26475
rs2305480 17 39905943 1e-07 26475
rs2073643 5 132387596 2e-07 26475
rs11071559 15 60777789 1e-07 26475
rs6503525 17 39938921 5e-07 2832
rs11252394 10 4198678 2e-07 403
rs6988229 8 138872266 9e-06 403
rs7686660 4 143082006 2e-12 4836
rs3805236 4 143436584 7e-08 4836
rs1837253 5 111066174 1e-16 4836
rs204993 6 32187804 2e-15 4836
rs404860 6 32216568 4e-23 4836
rs3129943 6 32370918 3e-15 4836
rs3117098 6 32390736 5e-12 4836
rs3129890 6 32446496 5e-13 4836
rs10508372 10 8930055 2e-15 4836
rs1701704 12 56018703 2e-13 4836
rs2069408 12 55970537 1e-10 4836
rs7775228 6 32690302 5e-15 4836
rs9275698 6 32720196 5e-12 4836
rs9500927 6 32993584 4e-09 4836
rs3019885 8 117013406 5e-13 3314
rs350729 2 52756635 2e-10 724
rs11123610 2 3675436 4e-07 189
rs6440972 3 155327641 8e-07 189
rs1323555 13 48676861 2e-06 189
rs1930336 13 80488806 3e-06 189
rs6601306 8 9407201 4e-06 189
rs11835157 12 96240427 6e-06 189
rs2811670 6 91246945 7e-06 189
rs2434364 5 94362147 7e-06 189
rs4884502 13 63636265 9e-06 189
rs11666341 19 52098146 1e-09 581
rs12460587 19 52083666 2e-09 581
rs2288884 19 52029018 5e-08 581
rs6469488 8 113873203 7e-06 581
rs10411428 19 52104512 1e-09 581
rs2388639 16 54455881 9e-09 2
rs10044254 5 15783487 9e-08 2
rs7216389 17 39913696 9e-11 2237
rs6924808 6 97910699 7e-16 120
rs1353649 11 20232053 6e-11 120
rs115997623 4 118194762 2e-06 440
rs78930606 6 118757489 1e-06 440
rs117902240 8 121918402 7e-09 440
rs7541272 1 107668383 4e-06 440
rs35312258 3 143474269 4e-06 440
rs1404568 3 143491347 2e-06 440
rs72716237 9 26458552 1e-06 440
rs9866261 3 64540891 1e-07 889
rs10197862 2 102350089 2e-06 889
rs347412 13 42212544 1e-06 510
rs559389 11 72161733 9e-06 510
rs9366309 6 19677593 7e-06 510
rs6763931 3 141383991 4e-06 510
rs2304725 3 10844235 3e-06 510
rs17161791 7 9577350 2e-06 510
rs7921536 10 103597080 1e-06 898
rs79252495 15 26476869 6e-08 898
rs79392787 17 6346734 1e-06 898
rs79835348 7 28435636 2e-06 898
rs79946301 12 129632604 6e-06 898
rs80221072 14 33326385 2e-06 898
rs908084 4 182622495 9e-09 898
rs9356171 6 163922743 7e-06 898
rs936332 12 52246493 1e-06 898
rs9367895 6 16110152 1e-06 898
rs9577729 13 112366443 6e-06 898
rs9589866 13 87022817 1e-06 898
rs9871967 3 129490335 3e-06 898
rs9949526 18 79614321 1e-06 898
rs9963330 18 58353277 2e-06 898
rs4736655 8 133337863 1e-06 898
rs60244812 9 7267614 7e-07 898
rs74380195 11 103016500 1e-09 898
rs74609360 15 31248192 2e-07 898
rs74874915 15 90844149 1e-06 898
rs74935252 5 79733488 1e-06 898
rs74964132 4 153557590 5e-06 898
rs7534485 1 168751383 8e-06 898
rs75515191 3 107844030 2e-06 898
rs7551641 1 119475304 1e-06 898
rs10828735 10 24951155 5e-06 898
rs12143327 1 112068273 5e-08 898
rs12248541 10 103630585 1e-06 898
rs2646928 6 37487051 1e-06 898
rs27387 3 64163491 1e-06 898
rs28375794 4 187920332 1e-06 898
rs342958 4 85359485 1e-06 898
rs351328 6 93373405 7e-06 898
rs356150 18 77661491 1e-06 898
rs3764044 12 21275437 7e-06 898
rs3796392 3 129418284 2e-06 898
rs3852186 5 83549670 9e-06 898
rs4143116 2 120863253 4e-06 898
rs4635580 20 42321191 2e-06 898
rs4748185 10 15612888 1e-06 898
rs487836 15 57741661 1e-06 898
rs4954192 2 134875411 6e-07 898
rs55798256 8 93291573 2e-06 898
rs55816310 10 133019423 1e-06 898
rs566767 15 57790169 1e-06 898
rs56868568 7 19125257 1e-06 898
rs59294057 8 21649156 1e-06 898
rs59448276 12 52286982 1e-06 898
rs59753639 12 24987756 5e-06 898
rs60241046 18 33810904 7e-06 898
rs6141 3 184372478 3e-06 898
rs61613191 6 140802574 7e-06 898
rs61741390 2 205440538 1e-06 898
rs6436285 2 222005387 5e-06 898
rs6442708 3 1952960 4e-07 898
rs6586977 8 21299082 2e-06 898
rs66714249 11 7379335 2e-06 898
rs66785688 11 115841215 5e-06 898
rs67335251 16 4021721 2e-06 898
rs6858365 4 12171045 9e-07 898
rs7000447 8 130511037 1e-06 898
rs7020553 9 74095368 4e-06 898
rs7112383 11 26719715 1e-06 898
rs7137521 12 126249723 1e-06 898
rs7161179 14 95621923 1e-06 898
rs7224314 17 67390098 6e-07 898
rs72974161 2 136044886 2e-07 898
rs73030953 19 38484809 5e-06 898
rs73132886 5 78052816 1e-06 898
rs73302615 7 28232071 2e-06 898
rs7344105 20 25245309 2e-06 898
rs7358151 10 27728643 2e-06 898
rs73737676 7 156017807 1e-06 898
rs73912949 2 9151105 3e-06 898
rs73976923 17 6379151 1e-06 898
rs75646498 15 29584445 8e-07 898
rs7576072 2 163774442 1e-06 898
rs7588010 2 75246790 4e-09 898
rs76096589 14 50797408 7e-06 898
rs76247873 2 140833839 5e-06 898
rs76314368 5 117157137 3e-07 898
rs76506302 2 199807180 1e-06 898
rs76582905 12 129982086 1e-06 898
rs76650652 18 33508114 2e-06 898
rs76684306 5 15616567 1e-07 898
rs76780579 9 16414508 1e-06 898
rs76833157 2 163945275 1e-06 898
rs76917448 7 34075100 4e-06 898
rs7693389 4 57598187 7e-06 898
rs77156671 4 164479668 2e-06 898
rs7720886 5 111735928 2e-06 898
rs77302254 11 11572026 2e-06 898
rs7733624 5 105131414 1e-06 898
rs7735563 5 131429243 1e-06 898
rs77885874 5 126512664 7e-06 898
rs7819937 8 3261257 3e-06 898
rs78788148 18 27286085 2e-06 898
rs78894156 11 17620582 1e-06 898
rs79014439 6 24901633 1e-06 898
rs79143957 3 23084498 4e-06 898
rs74013184 16 24352448 7e-06 898
rs74346392 1 116219072 7e-06 898
rs12568266 1 4133491 6e-10 898
rs1257344 2 143840863 3e-06 898
rs12622534 2 45772849 2e-06 898
rs12622686 2 221342893 5e-06 898
rs12722556 10 6028576 2e-06 898
rs12913832 15 28120472 7e-14 898
rs13391419 2 222057197 5e-06 898
rs13405366 2 13542679 1e-06 898
rs1346220 11 12458540 2e-06 898
rs141337143 12 126523324 2e-06 898
rs14271 1 9729092 1e-06 898
rs1435547 2 11597965 1e-06 898
rs1442808 15 98221618 1e-06 898
rs1479279 4 12097711 2e-06 898
rs1491921 5 21259029 7e-07 898
rs1555804 10 23104137 2e-06 898
rs1672691 11 114071429 2e-07 898
rs16841200 2 157012356 1e-06 898
rs16867528 5 15607339 2e-08 898
rs16867713 5 15783391 7e-06 898
rs16876083 8 29858745 2e-06 898
rs16894878 6 29419226 1e-06 898
rs16928705 10 71336036 7e-06 898
rs16964886 18 33742030 5e-06 898
rs16995986 4 85772164 1e-06 898
rs171165 20 3476969 1e-06 898
rs17167307 7 13644138 1e-06 898
rs17461620 9 86348093 5e-06 898
rs1877101 2 13586488 7e-06 898
rs188610 12 204673 1e-06 898
rs190141647 3 158729995 2e-06 898
rs2014791 21 21773630 7e-06 898
rs2279695 12 116716457 2e-06 898
rs2376682 5 118673777 3e-06 898
rs2479808 6 21824163 1e-06 898
rs2586731 18 50790789 1e-06 898
rs10048897 22 17777938 1e-06 898
rs10174165 2 239519464 2e-06 898
rs10237103 7 80032911 1e-06 898
rs10268774 7 82453122 1e-06 898
rs10435178 7 46681113 4e-06 898
rs10769691 11 6354579 2e-07 898
rs111361850 4 123742201 1e-06 898
rs11225569 11 103145464 2e-06 898
rs11240285 1 204798177 1e-06 898
rs113740863 18 78938027 3e-06 898
rs114154155 10 61425904 1e-06 898
rs114190122 1 9819291 1e-06 898
rs114252942 8 6345443 1e-06 898
rs114280567 13 44901447 1e-06 898
rs114326390 4 30702905 1e-06 898
rs114332009 11 12069460 1e-06 898
rs114356520 9 109366718 1e-06 898
rs114646018 9 18890063 1e-06 898
rs115683773 4 174204278 7e-06 898
rs115882204 10 28301454 1e-06 898
rs115958457 16 86793401 1e-06 898
rs116146467 6 169157918 9e-07 898
rs116212486 2 232689486 2e-06 898
rs116278466 6 75236034 1e-06 898
rs11633886 15 45786109 5e-06 898
rs11635191 15 74257709 1e-06 898
rs116493700 1 211565125 7e-06 898
rs116520962 19 50895171 2e-06 898
rs116940963 20 10290719 2e-06 898
rs117260909 9 3195775 7e-06 898
rs117405208 8 133955165 2e-06 898
rs117628011 8 75406931 5e-06 898
rs118079879 12 41319504 1e-07 898
rs118106262 9 8658954 8e-06 898
rs11877305 18 77739121 1e-06 898
rs11971779 7 139355512 1e-06 898
rs12074934 1 159338281 2e-06 898
rs12451788 17 2037754 1e-06 898
rs12691052 16 56973600 1e-06 898
rs2309284 4 180182576 7e-07 898
rs2514805 8 94155019 1e-08 898
rs74377925 12 16546316 2e-06 898
rs9272346 6 32636595 2e-08 3855
rs17744026 11 123777625 3e-06 877
rs1425902 8 53206654 1e-06 877
rs1843834 2 224693325 4e-06 877
rs10142119 14 98020208 2e-07 877
rs6563898 16 83325171 8e-06 877
rs2290400 17 39909987 3e-20 1900
rs4795397 17 39867492 4e-12 5037
rs11078927 17 39908152 1e-12 5037
rs907092 17 39766006 1e-12 5037
rs3095318 6 31120368 2e-11 10995
rs2147959 1 228456531 1e-07 10995
rs7104956 11 993745 2e-07 10995
rs114623225 6 30311297 2e-07 10995
rs9923856 16 11116558 6e-07 10995
rs2431345 5 123802198 1e-06 10995
rs1293767 12 112987349 2e-06 10995
rs1691562 12 76895640 2e-06 10995
rs646356 1 54702100 2e-06 10995
rs11498342 10 38470625 2e-06 10995
rs74106266 12 82684840 2e-06 10995
rs112461602 8 72097031 3e-06 10995
rs4673397 2 208321398 3e-06 10995
rs147089311 6 31484146 3e-06 10995
rs10022260 4 82872768 3e-06 10995
rs78558203 3 147211318 4e-06 10995
rs3095318 6 31120368 7e-08 10995
rs2147959 1 228456531 7e-08 10995
rs1293767 12 112987349 9e-07 10995
rs646356 1 54702100 9e-07 10995
rs116020758 6 32398119 3e-06 10995
rs58354223 4 53928308 1e-06 10995
rs72721168 9 27308290 3e-07 10995
rs72721168 9 27308290 2e-06 10995
rs4957798 5 109108853 1e-06 21644
rs3741578 12 57000851 1e-06 21644
rs116020758 6 32398119 2e-06 21644
rs12105167 2 47948199 3e-06 21644
rs10171428 2 233968199 3e-06 21644
rs2353275 10 86305355 5e-06 21644
rs578196 13 23188133 7e-06 21644
rs3784143 14 69612583 8e-06 21644
rs62026377 16 11135271 9e-06 21644
rs7830057 8 100419573 9e-06 21644
rs116020758 6 32398119 1e-06 21644
rs58354223 4 53928308 1e-06 21644
rs114381917 3 65559892 2e-06 21644
rs2856328 12 11788645 4e-06 21644
rs6761859 2 173386140 4e-06 21644
rs2502757 9 133721832 5e-06 21644
rs2373794 2 40127337 5e-06 21644
rs141602583 8 6333897 2e-07 21644
rs2040704 5 132637485 2e-07 21644
rs9620247 22 23333616 4e-07 21644
rs7281353 21 21779123 6e-07 21644
rs10835689 11 30591466 9e-07 21644
rs77829948 20 16284118 1e-06 21644
rs7169793 15 53872840 1e-06 21644
rs116201499 16 13813303 1e-06 21644
rs77960860 3 140276284 2e-06 21644
rs12669009 7 86598195 2e-06 21644
rs57728637 9 102283422 2e-06 21644
rs12006110 9 120367694 3e-06 21644
rs191386225 9 30001317 3e-06 21644
rs116276540 8 113280567 3e-06 21644
rs115366932 14 84334260 4e-06 21644
rs188887209 13 32718324 4e-06 21644
rs10964378 9 19994738 5e-06 21644
rs9486080 6 105411292 7e-06 21644
rs4645904 19 48962236 8e-06 21644
rs4290604 2 237162242 8e-06 21644
rs7095944 10 124614367 8e-06 21644
rs59568570 7 6276071 9e-06 21644
rs9390491 6 147671918 9e-06 21644
rs1837253 5 111066174 7e-08 21644
rs11788591 9 129740522 4e-08 21644
rs1837253 5 111066174 4e-07 21644
rs72721168 9 27308290 7e-10 21644
rs1776883 6 34188667 5e-09 21644
rs72721168 9 27308290 2e-08 21644
rs75446656 10 63340256 4e-08 21644
rs36080042 10 63667025 5e-08 21644
rs9846423 3 114218488 8e-08 9949
rs2353275 10 86305355 2e-07 9949
rs62344088 5 95949 1e-06 9949
rs4957798 5 109108853 3e-06 9949
rs35083325 2 152400198 3e-06 9949
rs62067034 17 39907485 3e-06 9949
rs10811256 9 1995749 5e-06 9949
rs116126524 2 141243326 5e-06 9949
rs6907629 6 167156031 6e-06 9949
rs6872411 5 124974999 7e-06 9949
rs17277929 6 154156778 8e-06 9949
rs1530572 2 133880928 8e-06 9949
rs12600053 16 84810839 9e-06 9949
rs11839433 13 22056464 9e-06 9949
rs13401339 2 233967393 9e-06 9949
rs62067034 17 39907485 5e-06 9949
rs9846423 3 114218488 7e-07 9949
rs2353275 10 86305355 8e-06 9949
rs62344088 5 95949 8e-06 9949
rs4957798 5 109108853 7e-06 9949
rs114381917 3 65559892 2e-06 9949
rs141602583 8 6333897 1e-06 9949
rs7281353 21 21779123 8e-06 9949
rs116201499 16 13813303 5e-06 9949
rs1776883 6 34188667 7e-06 9949
rs75446656 10 63340256 5e-07 9949
rs36080042 10 63667025 1e-07 9949
rs8043253 15 41211532 4e-08 102453
rs45605540 4 122219899 4e-10 102453
rs12339348 9 6233082 2e-08 102453
rs11171739 12 56076841 4e-10 102453
rs2766664 20 53554702 1e-11 102453
rs56062135 15 67163292 6e-13 102453
rs11645657 16 11129597 7e-17 102453
rs146668528 6 32630251 5e-12 102453
rs61839660 10 6052734 4e-12 102453
rs148906978 4 38852748 1e-16 102453
rs4833093 4 38788119 7e-20 102453
rs10414065 19 33230549 3e-08 102453
rs12413578 10 9007290 5e-10 102453
rs3024971 12 57099944 1e-09 102453
rs34290285 2 241759225 2e-15 102453
rs10174949 2 8302118 6e-16 102453
rs1438673 5 111131801 5e-20 102453
rs6881270 5 35878993 3e-15 102453
rs9911533 17 40619224 2e-16 102453
rs12743520 1 92571555 7e-09 102453
rs659529 11 111566171 1e-10 102453
rs3208007 20 63690935 3e-08 102453
rs742230 1 24924933 1e-08 102453
rs1214598 1 167457187 5e-10 102453
rs10008032 4 38743861 2e-10 102453
rs1409123 10 8540354 2e-10 102453
rs7936070 11 76582483 4e-22 102453
rs72823641 2 102319699 4e-24 102453
rs7705653 5 110807116 2e-20 102453
rs56267624 14 68195642 2e-08 102453
rs115288876 1 152027641 2e-08 102453
rs76962799 9 6187132 4e-08 102453
rs61816766 1 152347096 3e-11 102453
rs9273374 6 32658837 8e-35 116538
rs72823641 2 102319699 2e-27 116538
rs1241357 8 56793197 1e-14 116538
rs6881270 5 35878993 2e-14 116538
rs10414065 19 33230549 3e-10 116538
rs28393318 4 38782646 2e-19 116538
rs9911533 17 40619224 1e-15 116538
rs1059513 12 57095926 8e-13 116538
rs36045143 16 11131109 2e-21 116538
rs1837253 5 111066174 4e-21 116538
rs34290285 2 241759225 5e-17 116538
rs56062135 15 67163292 2e-22 116538
rs9775039 9 6177453 4e-22 116538
rs4916533 3 196646711 2e-08 116538
rs12743520 1 92571555 4e-08 116538
rs1017494 2 234770601 2e-16 116538
rs1214598 1 167457187 5e-11 116538
rs659529 11 111566171 6e-11 116538
rs3208007 20 63690935 3e-10 116538
rs301805 1 8420956 6e-09 116538
rs742230 1 24924933 1e-08 116538
rs10876864 12 56007301 1e-13 116538
rs56267605 4 122441954 3e-12 116538
rs6461503 7 20521373 3e-10 116538
rs10795656 10 8553876 4e-10 116538
rs8008961 14 68285926 1e-08 116538
rs270636 5 5074712 4e-11 116538
rs793607 3 107340876 3e-28 116538
rs276666 9 34889447 8e-11 116538
rs2169282 9 6350235 2e-10 116538
rs2136016 8 80388446 2e-09 116538
rs10074523 5 132724891 2e-10 116538
rs2548992 5 132472976 5e-10 116538
rs869402 17 39911790 4e-17 116538
rs61839660 10 6052734 2e-11 116538
rs7705653 5 110807116 1e-19 116538
rs61816766 1 152347096 5e-12 116538
rs61815704 1 152921415 5e-09 116538
rs6755248 2 223799333 1e-06 341215
rs10187276 2 227805721 3e-07 341215
rs34290285 2 241759225 9e-52 341215
rs35570272 3 33006170 3e-20 341215
rs4491851 3 33042493 3e-19 341215
rs1806656 3 121997324 7e-09 341215
rs7625643 3 141431184 3e-08 341215
rs62296577 3 177131952 9e-14 341215
rs7626218 3 177134250 5e-15 341215
rs9860547 3 188411191 6e-17 341215
rs55661102 3 188683350 9e-13 341215
rs11715524 3 196035621 4e-10 341215
rs1684466 3 196632439 9e-13 341215
rs5743618 4 38797027 2e-31 341215
rs190438685 4 39388825 3e-07 341215
rs45613035 4 122219915 6e-19 341215
rs17454584 4 122432277 2e-21 341215
rs62322662 4 122438414 2e-18 341215
rs16903574 5 14610200 9e-13 341215
rs11742240 5 35881274 2e-13 341215
rs7734635 5 110823145 2e-29 341215
rs540485182 5 110825775 2e-29 341215
rs1837253 5 111066174 1e-41 341215
rs1898671 5 111072304 1e-38 341215
rs6594499 5 111134439 6e-37 341215
rs301816 1 8444998 1e-12 341215
rs11121240 1 8834298 2e-09 341215
rs67551275 1 9296617 6e-11 341215
rs541559418 1 151788046 2e-10 341215
rs4845604 1 151829204 3e-14 341215
rs115045402 1 152057072 2e-20 341215
rs12123821 1 152206676 4e-24 341215
rs61816761 1 152313385 1e-30 341215
rs2070901 1 161215268 9e-12 341215
rs2056625 1 167451062 5e-21 341215
rs1617333 1 167467033 2e-19 341215
rs1102705 1 172731728 1e-07 341215
rs10158467 1 173162354 7e-12 341215
rs17668708 1 198671359 4e-10 341215
rs12023876 1 203124073 9e-11 341215
rs3856439 2 8319274 5e-19 341215
rs74180212 2 102181785 1e-19 341215
rs78545931 2 102265892 2e-28 341215
rs60227565 2 102275879 5e-71 341215
rs12470864 2 102309902 2e-56 341215
rs72823641 2 102319699 5e-76 341215
rs1861245 2 102350446 1e-52 341215
rs143326447 2 111511155 4e-07 341215
rs2381712 2 145387450 9e-07 341215
rs12965763 18 54290038 1e-08 341215
rs12964116 18 63775385 1e-06 341215
rs2918302 19 8675909 9e-07 341215
rs10413947 19 9017666 1e-08 341215
rs117710327 19 33235672 1e-27 341215
rs2766667 20 53555865 5e-10 341215
rs2738783 20 63677259 2e-07 341215
rs11088309 21 35092334 2e-15 341215
rs5758364 22 41459908 1e-10 341215
rs850637 X 13005622 6e-12 341215
rs5953283 X 49283326 7e-11 341215
rs2381712 2 145387450 4e-08 28835
rs1893380 18 51121270 5e-06 28835
rs1655558 15 41495387 1e-06 28835
rs11412402 3 128194004 5e-07 28835
rs113092121 10 92624757 8e-07 28835
rs9391997 6 409119 2e-07 28835
rs274943 9 23585841 3e-07 28835
rs188074962 12 120927628 2e-06 28835
rs2070901 1 161215268 1e-06 28835
rs11065979 12 111621753 2e-07 28835
rs892225 19 1152657 2e-07 28835
rs62408233 6 90266890 3e-07 28835
rs12531500 7 20504586 7e-08 28835
rs479844 11 65784486 5e-08 28835
rs1775554 10 9012377 2e-46 341215
rs1612986 10 9022753 2e-40 341215
rs10995245 10 62631615 1e-08 341215
rs113092121 10 92624757 1e-12 341215
rs28415845 11 1151933 4e-12 341215
rs2052690 11 10642486 1e-07 341215
rs10836538 11 36343703 6e-12 341215
rs174535 11 61783884 7e-12 341215
rs479844 11 65784486 3e-14 341215
rs7936312 11 76582682 3e-64 341215
rs55646091 11 76588387 9e-42 341215
rs11236797 11 76588605 6e-62 341215
rs1784775 11 111601736 2e-09 341215
rs12365699 11 118872577 7e-12 341215
rs140522418 11 128302942 3e-08 341215
rs2544026 12 47792780 9e-08 341215
rs62623446 12 54974507 2e-09 341215
rs705700 12 55995509 4e-23 341215
rs7302200 12 56055651 8e-25 341215
rs1059513 12 57095926 6e-28 341215
rs3122929 12 57115319 8e-34 341215
rs11065979 12 111621753 3e-07 341215
rs188074962 12 120927628 6e-11 341215
rs28635831 13 39745817 1e-07 341215
rs1887704 13 99322238 3e-17 341215
rs4771332 13 99418203 5e-18 341215
rs17103286 14 35415835 1e-09 341215
rs1885013 14 68287978 3e-13 341215
rs1655558 15 41495387 8e-12 341215
rs7183955 15 60757370 2e-21 341215
rs11071559 15 60777789 4e-24 341215
rs117683492 15 67121286 1e-08 341215
rs72743461 15 67149412 3e-46 341215
rs34445740 15 67183427 5e-19 341215
rs35441874 16 11119164 4e-34 341215
rs12935657 16 11125184 7e-34 341215
rs3785356 16 27337847 3e-14 341215
rs3024655 16 27358181 4e-20 341215
rs2066844 16 50712015 6e-09 341215
rs4795399 17 39905186 1e-45 341215
rs117097909 17 39908718 2e-17 341215
rs201413617 17 39917590 2e-07 341215
rs9893132 17 40598769 4e-10 341215
rs112401631 17 40608272 2e-20 341215
rs8067124 17 40713238 5e-17 341215
rs9895436 17 45380520 6e-07 341215
rs56308324 17 47741840 1e-09 341215
rs12952581 17 49370984 7e-16 341215
rs10667251 17 49388382 1e-14 341215
rs1893380 18 51121270 6e-08 341215
rs4722758 7 28116987 5e-06 28835
rs58521088 6 90275479 3e-07 28835
rs10158467 1 173162354 1e-07 28835
rs35441874 16 11119164 4e-07 28835
rs74180212 2 102181785 3e-08 28835
rs12935657 16 11125184 2e-07 28835
rs4574025 18 62342581 4e-09 28835
rs3122929 12 57115319 1e-09 28835
rs9895436 17 45380520 7e-10 28835
rs1898671 5 111072304 8e-10 28835
rs6594499 5 111134439 2e-10 28835
rs9372120 6 106219660 3e-07 28835
rs3785356 16 27337847 5e-09 28835
rs17454584 4 122432277 5e-08 28835
rs72743461 15 67149412 3e-09 28835
rs34290285 2 241759225 2e-08 28835
rs2299012 5 132581248 7e-09 28835
rs3116989 6 33131761 4e-06 28835
rs11071559 15 60777789 3e-06 28835
rs78037977 1 172746562 5e-06 28835
rs1861245 2 102350446 2e-11 28835
rs10187276 2 227805721 7e-11 28835
rs9860547 3 188411191 1e-16 28835
rs16903574 5 14610200 6e-06 28835
rs11236797 11 76588605 7e-18 28835
rs7936312 11 76582682 6e-19 28835
rs1837253 5 111066174 5e-15 28835
rs62557312 9 6047765 4e-12 28835
rs12365699 11 118872577 4e-12 28835
rs340934 9 6081804 1e-14 28835
rs7848215 9 6213468 9e-22 28835
rs992969 9 6209697 1e-20 28835
rs5743618 4 38797027 3e-21 28835
rs12964116 18 63775385 7e-08 28835
rs60227565 2 102275879 7e-27 28835
rs72823641 2 102319699 9e-30 28835
rs55646091 11 76588387 5e-17 28835
rs117097909 17 39908718 8e-19 28835
rs78545931 2 102265892 1e-12 28835
rs4795399 17 39905186 5e-64 28835
rs12123821 1 152206676 8e-24 28835
rs6866614 5 132451445 4e-25 341215
rs3749833 5 132463934 3e-26 341215
rs2299012 5 132581248 7e-32 341215
rs113010607 5 132770006 3e-13 341215
rs10699671 5 142139376 2e-16 341215
rs449454 5 142153497 1e-16 341215
rs114444221 6 31335547 9e-16 341215
rs2428494 6 31354420 2e-60 341215
rs3190923 6 31356722 9e-22 341215
rs115664621 6 32490013 8e-35 341215
rs146618240 6 32514325 1e-22 341215
rs72508457 6 32528394 5e-24 341215
rs139088362 6 32571334 4e-12 341215
rs75380949 6 32573442 4e-33 341215
rs115468973 6 32576344 3e-23 341215
rs1064713 6 32578889 1e-25 341215
rs545366210 6 32586302 2e-29 341215
rs116189786 6 32625900 5e-33 341215
rs28383454 6 32641593 2e-116 341215
rs9273123 6 32644956 4e-105 341215
rs28798705 6 32650032 6e-104 341215
rs201184533 6 32665110 9e-17 341215
rs111789468 6 33066047 4e-06 341215
rs3116989 6 33131761 4e-14 341215
rs28522747 6 35166952 8e-09 341215
rs62408233 6 90266890 1e-28 341215
rs58521088 6 90275479 7e-29 341215
rs9372120 6 106219660 1e-06 341215
rs55743914 6 127972417 7e-15 341215
rs6927172 6 137681038 2e-10 341215
rs149317277 7 20384301 1e-12 341215
rs12531500 7 20504586 2e-15 341215
rs6954667 7 22740703 3e-06 341215
rs57585717 7 28109636 2e-13 341215
rs4722758 7 28116987 6e-18 341215
rs2221641 8 80382467 3e-24 341215
rs35204956 8 80389778 6e-24 341215
rs13277355 8 127765473 2e-11 341215
rs62557312 9 6047765 3e-43 341215
rs340934 9 6081804 5e-41 341215
rs992969 9 6209697 3e-72 341215
rs7848215 9 6213468 9e-71 341215
rs274943 9 23585841 8e-08 341215
rs12722502 10 6051176 2e-18 341215
rs943451 10 6579811 5e-10 341215
rs11255504 10 8062378 1e-08 341215
rs7099257 10 8468994 7e-12 341215
rs17144046 10 8564051 4e-12 341215
rs10795672 10 8735677 2e-15 341215
rs12413578 10 9007290 8e-41 341215
rs2786098 1 197356778 2e-13 2781
rs2786098 1 197356778 9e-11 2781
rs6867913 5 142066415 4e-06 4279
rs10970976 9 32433528 4e-06 4279
rs4794820 17 39933091 1e-08 4279
rs16984547 19 53178789 4e-06 4279
rs9807989 2 102354740 6e-08 4279
rs11745587 5 132461230 2e-06 4279
rs13408661 2 102338622 1e-09 18604
rs9268516 6 32411712 1e-08 18604
rs295137 2 200285317 1e-06 1644
rs3119939 13 63064196 8e-06 32442
rs7922491 10 51733713 5e-07 32442
rs4129267 1 154453788 2e-08 32442
rs7130588 11 76559639 2e-08 32442
rs987870 6 33075103 2e-10 3314
rs1523643 8 16931726 3e-07 2328
rs17445240 2 3655451|2 4e-06 189
rs2549003 5 132493605 9e-07 9049
rs17642749 10 117887745 4e-07 9049
rs1012307 2 149798707 8e-07 9049
rs4673659 2 212325005 9e-07 9049
rs2675724 6 165152406 2e-07 9049
rs9895098 17 3035239 3e-07 9049
rs9273373 6 32658824 4e-14 20776
rs4833095 4 38798089 5e-12 20776
rs1438673 5 111131801 3e-11 20776
rs10197862 2 102350089 4e-11 20776
rs7212938 17 39966427 4e-10 20776
rs1837253 5 111066174 1e-09 20776
rs72699186 9 6175855 2e-09 20776
rs17294280 15 67175947 4e-09 20776
rs7009110 8 80379644 4e-09 20776
rs62026376 16 11134855 1e-08 20776
rs3853750 5 110818610 2e-07 20776
rs11049300 12 28042192 3e-07 20776
rs12450323 17 39816455 4e-07 20776
rs6982751 8 10955964 4e-07 20776
rs41295115 10 6082658 5e-07 20776
rs72766477 5 84611411 5e-07 20776
rs76043829 2 217812863 6e-07 20776
rs7521681 1 107779913 7e-07 20776
rs6517368 21 36635645 2e-06 20776
rs17605016 12 61856639 2e-06 20776
rs343496 9 6068077 2e-06 20776
rs367983479 6 90291614 6e-11 30810
rs7936312 11 76582682 6e-24 30810
rs3749833 5 132463934 6e-14 30810
rs7523907 1 167458010 5e-09 30810
rs7203459 16 11136846 4e-18 30810
rs34290285 2 241759225 2e-23 30810
rs61816761 1 152313385 1e-08 30810
rs10905284 10 8073399 2e-10 30810
rs776111176 6 32613963 3e-16 30810
rs9273410 6 32659473 6e-32 30810
rs2941522 17 39754115 2e-12 30810
rs12479210 2 102332701 2e-29 30810
rs144829310 9 6208030 2e-20 30810
rs560026225 4 122134547 3e-09 30810
rs9517738 13 99460268 3e-06 30810
rs61840192 10 9001441 8e-25 30810
rs71266076 8 80354703 7e-13 30810
rs11603634 11 1142570 2e-08 30810
rs1986009 5 132552294 2e-15 30810
rs301819 1 8441726 3e-07 30810
rs10519068 15 60776505 2e-12 30810
rs7305461 12 56056091 1e-09 30810
rs72743461 15 67149412 5e-14 30810
rs703816 12 57103222 4e-13 30810
rs1837253 5 111066174 2e-22 30810
rs13277810 8 2693300 3e-08 12161
rs114647118 8 124519112 3e-07 12161
rs3122929 12 57115319 9e-07 12161
rs10519067 15 60776148 2e-07 12161
rs907092 17 39766006 4e-12 12161
rs72782676 10 8990592 7e-27 771388
rs2025758 10 8799706 2e-16 771388
rs12722502 10 6051176 1e-17 771388
rs2230624 1 12115601 8e-13 771388
rs12413578 10 9007290 9e-47 771388
rs72823641 2 102319699 4e-51 771388
rs117710327 19 33235672 1e-23 771388
rs992969 9 6209697 5e-67 771388
rs41283642 9 99153605 2e-10 771388
rs1059513 12 57095926 3e-29 771388
rs1008723 17 39910014 1e-65 771388
rs1444782 10 9016708 9e-48 771388
rs34290285 2 241759225 5e-36 771388
rs1214598 1 167457187 8e-11 771388
rs2253717 17 40711984 3e-08 771388
rs9943 13 39752145 4e-09 771388
rs509399 3 187963924 2e-09 771388
rs72925996 6 90220794 5e-27 771388
rs10152595 15 67183150 5e-19 771388
rs10957979 8 80377552 6e-22 771388
rs11088309 21 35092334 5e-11 771388
rs112401631 17 40608272 3e-10 771388
rs11746314 5 157325949 2e-10 771388
rs117552144 19 3136093 7e-10 771388
rs117683492 15 67121286 4e-07 771388
rs12123821 1 152206676 2e-21 771388
rs12470864 2 102309902 8e-43 771388
rs12788104 11 1129831 2e-10 771388
rs12952581 17 49370984 2e-18 771388
rs1465841 15 67093131 6e-09 771388
rs1612986 10 9022753 6e-32 771388
rs16903574 5 14610200 5e-13 771388
rs17454584 4 122432277 8e-12 771388
rs179771 16 27406423 3e-09 771388
rs1800797 7 22726602 3e-10 771388
rs1837253 5 111066174 1e-44 771388
rs2228552 1 31699894 3e-08 771388
rs2448519 3 195988997 2e-07 771388
rs249677 5 142159774 9e-14 771388
rs3024664 16 27360103 4e-17 771388
rs34173062 8 144103704 1e-08 771388
rs34712979 4 105897896 4e-09 771388
rs34939984 16 27234391 5e-11 771388
rs35570272 3 33006170 3e-12 771388
rs3749833 5 132463934 1e-26 771388
rs3813308 5 119355086 3e-11 771388
rs3853750 5 110818610 2e-18 771388
rs41284471 10 6584252 4e-08 771388
rs45613035 4 122219915 5e-14 771388
rs4742151 9 6076102 2e-15 771388
rs60156285 5 132620126 9e-24 771388
rs10178845 2 8303673 9e-15 771388
rs149045797 9 6252690 4e-18 771388
rs6498021 16 27403057 3e-08 771388
rs3806933 5 111071044 1e-14 771388
rs35621564 7 20547220 2e-13 771388
rs13099273 3 188415730 1e-13 771388
rs2180769 14 68332385 7e-13 771388
rs1684466 3 196632439 4e-12 771388
rs2228079 1 203129147 8e-12 771388
rs4247364 17 45259320 2e-10 771388
rs174562 11 61817672 6e-11 771388
rs8103278 19 45867123 2e-10 771388
rs7626218 3 177134250 6e-11 771388
rs848 5 132660808 5e-29 771388
rs35441874 16 11119164 2e-33 771388
rs4794817 17 39638098 8e-27 771388
rs11071559 15 60777789 2e-19 771388
rs1544301 10 8517780 1e-08 771388
rs12700186 7 20377088 3e-08 771388
rs10876866 12 56051582 1e-15 771388
rs5743618 4 38797027 4e-17 771388
rs2296618 1 198697103 7e-10 771388
rs12365699 11 118872577 4e-11 771388
rs72924800 11 65896135 2e-09 771388
rs61816761 1 152313385 1e-22 771388
rs61894547 11 76537586 4e-35 771388
rs6926894 6 32644653 2e-126 771388
rs7100961 10 8419000 1e-06 771388
rs72743461 15 67149412 1e-45 771388
rs7423358 2 227840005 1e-09 771388
rs7936070 11 76582483 2e-45 771388
rs7961712 12 94211187 6e-11 771388
rs802731 6 127958284 3e-10 771388
rs8129030 21 35340290 1e-08 771388
rs912131 13 99380092 3e-16 771388
rs917115 7 28132967 9e-13 771388
rs9290877 3 188724692 5e-11 771388
rs1438673 5 111131801 3e-13 30810
rs112502960 17 49361940 4e-11 30810
rs2544523 2 15780199 1e-06 6535
rs10043228 5 116261351 4e-06 6535
rs9534578 13 47269242 2e-07 6535
rs3771180 2 102337157 2e-15 5388
rs1837253 5 111066174 1e-14 5388
rs2381416 9 6193455 2e-12 5388
rs11078927 17 39908152 2e-16 5388
rs4845783 1 152520083 6e-06 5388
rs11214966 11 114360533 6e-07 5388
rs1101999 1 158962765 4e-09 5388
rs17454584 4 122432277 2e-10 327253
rs57585717 7 28109636 2e-06 327253
rs11255504 10 8062378 8e-10 327253
rs7099257 10 8468994 6e-07 327253
rs28415845 11 1151933 3e-12 327253
rs174535 11 61783884 3e-11 327253
rs1784775 11 111601736 6e-09 327253
rs17668708 1 198671359 3e-13 327253
rs2381712 2 145387450 3e-16 327253
rs12722502 10 6051176 4e-12 327253
rs28635831 13 39745817 4e-09 327253
rs4771332 13 99418203 6e-12 327253
rs3024655 16 27358181 1e-11 327253
rs2056625 1 167451062 8e-11 327253
rs60227565 2 102275879 1e-32 327253
rs12470864 2 102309902 1e-31 327253
rs34290285 2 241759225 2e-28 327253
rs4491851 3 33042493 4e-13 327253
rs62322662 4 122438414 8e-10 327253
rs11742240 5 35881274 9e-14 327253
rs540485182 5 110825775 4e-15 327253
rs1837253 5 111066174 1e-18 327253
rs1898671 5 111072304 1e-22 327253
rs6866614 5 132451445 4e-23 327253
rs10699671 5 142139376 2e-12 327253
rs58521088 6 90275479 3e-14 327253
rs35204956 8 80389778 4e-16 327253
rs62557312 9 6047765 8e-20 327253
rs992969 9 6209697 2e-29 327253
rs10795672 10 8735677 1e-12 327253
rs1775554 10 9012377 3e-47 327253
rs7936312 11 76582682 3e-31 327253
rs2544026 12 47792780 2e-13 327253
rs7302200 12 56055651 4e-15 327253
rs1059513 12 57095926 5e-20 327253
rs7183955 15 60757370 8e-12 327253
rs72743461 15 67149412 1e-24 327253
rs35441874 16 11119164 1e-19 327253
rs10667251 17 49388382 5e-09 327253
rs117710327 19 33235672 3e-18 327253
rs11088309 21 35092334 5e-12 327253
rs301816 1 8444998 5e-06 327253
rs6441084 3 156592987 4e-06 327253
rs62296577 3 177131952 6e-06 327253
rs11715524 3 196035621 3e-10 327253
rs190438685 4 39388825 1e-06 327253
rs1348135 1 163807061 9e-06 142486
rs10773588 12 129027065 5e-06 142486
rs10157802 1 73644966 7e-06 142486
rs4268898 2 24267544 2e-07 142486
rs9870718 3 36197914 9e-06 142486
rs10141207 14 32222579 4e-06 142486
rs10924970 1 235199645 3e-06 142486
rs992969 9 6209697 7e-20 142486
rs2952156 17 39720582 2e-30 142486
rs20541 5 132660272 5e-16 142486
rs11071558 15 60777222 1e-09 142486
rs2325291 6 90276967 2e-12 142486
rs2589561 10 9004682 4e-09 142486
rs17806299 16 11106123 3e-10 142486
rs12543811 8 80366650 1e-10 142486
rs167769 12 57109992 4e-09 142486
rs17637472 17 49384071 7e-09 142486
rs7705042 5 142112854 8e-09 142486
rs1233578 6 28744470 6e-07 142486
rs12634582 3 24240941 9e-06 142486
rs2855812 6 31504943 9e-12 142486
rs7927894 11 76590272 2e-14 142486
rs2033784 15 67157322 7e-15 142486
rs1420101 2 102341256 4e-21 142486
rs10455025 5 111069301 9e-26 142486
rs9272346 6 32636595 6e-24 142486
rs4129267 1 154453788 8e-07 142486
rs4938096 11 114365008 1e-06 142486
rs16989837 20 45230458 3e-06 142486
rs10233459 7 42001387 4e-06 142486
rs1122396 1 201169300 2e-06 142486
rs10951405 7 34003736 3e-06 142486
rs3758697 11 100839163 2e-06 142486
rs6084352 20 3367760 7e-06 142486
rs12542922 8 116321559 2e-06 142486
rs2825968 21 20043380 6e-06 142486
rs2073617 8 118952044 5e-06 142486
rs12521260 5 37881312 3e-06 142486
rs2352521 1 78790420 5e-06 142486
rs6694672 1 196976659 9e-06 142486
rs7705042 5 142112854 9e-10 127669
rs1233578 6 28744470 5e-09 127669
rs2325291 6 90276967 9e-13 127669
rs167769 12 57109992 6e-09 127669
rs17637472 17 49384071 3e-09 127669
rs2596464 6 31445184 2e-13 127669
rs1663687 10 9012824 2e-10 127669
rs10957979 8 80377552 2e-08 127669
rs17806299 16 11106123 2e-10 127669
rs3771180 2 102337157 2e-20 127669
rs10455025 5 111069301 2e-25 127669
rs20541 5 132660272 1e-14 127669
rs9272346 6 32636595 2e-28 127669
rs992969 9 6209697 4e-29 127669
rs2155219 11 76588150 3e-15 127669
rs11071558 15 60777222 8e-11 127669
rs17293632 15 67150258 9e-16 127669
rs2305479 17 39905964 3e-24 127669
rs2855812 6 31504943 3e-10 127669
rs2844510 6 31442631 2e-06 127669
rs1420101 2 102341256 9e-20 127669
rs6893213 5 110862415 8e-11 127669
rs6894249 5 132461855 2e-11 127669
rs3763309 6 32408196 1e-18 127669
rs2378383 9 79424447 7e-07 492
rs4658627 1 244347874 6e-06 573
rs9815663 3 3573203 2e-08 573
rs7927044 11 127891771 7e-09 573
rs7328278 13 35777629 3e-06 573
rs10521233 17 13655763 3e-06 573
rs7807274 7 131336340 4e-06 429
rs9883878 3 178137844 1e-06 429
rs9297216 8 34187743 1e-06 429
rs35141484 4 39086721 3e-07 429
rs16929097 9 12521826 8e-09 429
rs17036023 1 116587089 5e-06 429
rs12570188 10 99095945 5e-08 429
rs11000019 10 71831773 8e-08 429
rs6054973 20 7405311 1e-07 429
rs2705520 3 112550440 2e-06 429
rs17033506 3 35598334 4e-07 429
rs7770848 6 44801500 2e-07 429
rs6721181 2 39888556 6e-07 429
rs11141597 9 86912543 2e-06 429
rs886448 7 24200546 7e-08 429
rs7527074 1 180676305 9e-06 429
rs17218161 4 58347679 2e-08 429
rs9823506 3 100757869 6e-08 429
rs2473967 6 113158133 2e-06 429
rs13037508 20 14948299 8e-06 5086
rs660498 10 27452030 2e-07 1227
rs17446324 7 83528488 5e-06 1227
rs67731056 19 7264538 7e-06 1227
rs2392165 7 33120302 1e-07 250
rs77582594 1 88756513 8e-07 250
rs7118473 11 19760645 7e-06 250
rs194326 16 10265732 1e-06 250
rs2729117 3 1075549 9e-06 250
rs7691998 4 23917905 8e-06 250
rs75852965 6 41639846 4e-06 250
rs7751224 6 5589406 8e-06 250
rs11991713 8 131391985 7e-06 250
rs17801625 8 25664618 5e-06 250
rs9942904 9 25691229 3e-06 250
rs12930749 16 27716458 1e-06 250
rs12933955 16 27743124 1e-06 250
rs74002922 2 240786220 6e-06 250
rs62365031 5 81269361 7e-06 250
rs111675143 7 2693648 7e-06 250
rs17774495 7 14346007 5e-06 250
rs7810885 7 104084676 3e-06 250
rs1480090 15 98172432 7e-06 250
rs4787980 16 27618340 4e-06 250
rs1765013 20 4167215 2e-06 250
rs8132375 21 37763184 9e-06 250
rs2318405 22 48931631 9e-06 250
rs12965763 18 54290038 4e-11 314633
rs117683492 15 67121286 2e-06 314633
rs17103286 14 35415835 4e-07 314633
rs943451 10 6579811 4e-15 314633
rs149317277 7 20384301 8e-17 314633
rs2918302 19 8675909 5e-10 314633
rs9893132 17 40598769 3e-17 314633
rs17144046 10 8564051 3e-15 314633
rs11065979 12 111621753 5e-18 314633
rs6927172 6 137681038 3e-13 314633
rs1716183 12 123150549 4e-11 314633
rs1655558 15 41495387 2e-18 314633
rs67551275 1 9296617 4e-18 314633
rs113092121 10 92624757 3e-20 314633
rs9895436 17 45380520 6e-20 314633
rs143326447 2 111511155 2e-09 314633
rs9391997 6 409119 4e-12 314633
rs12531500 7 20504586 7e-22 314633
rs6755248 2 223799333 3e-13 314633
rs12023876 1 203124073 5e-21 314633
rs1617333 1 167467033 3e-22 314633
rs479844 11 65784486 3e-23 314633
rs11412402 3 128194004 4e-14 314633
rs449454 5 142153497 2e-22 314633
rs892225 19 1152657 1e-12 314633
rs1102705 1 172731728 1e-07 314633
rs274943 9 23585841 3e-16 314633
rs140522418 11 128302942 4e-10 314633
rs2766667 20 53555865 1e-07 314633
rs28522747 6 35166952 1e-07 314633
rs5758364 22 41459908 3e-06 314633
rs912425 13 42423188 2e-07 314633
rs5953283 X 49283326 6e-10 314633
rs7625643 3 141431184 5e-09 314633
rs6954667 7 22740703 3e-08 314633
rs850637 X 13005622 8e-14 314633
rs10995245 10 62631615 4e-10 314633
rs2450083 8 119051303 8e-11 314633
rs71421264 14 102777733 3e-11 314633
rs7626218 3 177134250 4e-11 314633
rs55743914 6 127972417 2e-15 314633
rs1806656 3 121997324 1e-10 314633
rs188074962 12 120927628 2e-20 314633
rs1893380 18 51121270 4e-13 314633
rs2052690 11 10642486 1e-11 314633
rs35570272 3 33006170 4e-14 314633
rs1887704 13 99322238 5e-20 314633
rs10836538 11 36343703 3e-13 314633
rs34445740 15 67183427 8e-20 314633
rs4574025 18 62342581 8e-14 314633
rs3749833 5 132463934 1e-19 314633
rs705700 12 55995509 3e-24 314633
rs12952581 17 49370984 4e-24 314633
rs10187276 2 227805721 2e-19 314633
rs13277355 8 127765473 1e-23 314633
rs1885013 14 68287978 3e-25 314633
rs78037977 1 172746562 6e-13 314633
rs3856439 2 8319274 6e-28 314633
rs9372120 6 106219660 9e-21 314633
rs2221641 8 80382467 2e-30 314633
rs3785356 16 27337847 9e-27 314633
rs4845604 1 151829204 2e-16 314633
rs111789468 6 33066047 2e-13 314633
rs10158467 1 173162354 8e-29 314633
rs3122929 12 57115319 2e-34 314633
rs55661102 3 188683350 4e-20 314633
rs3116989 6 33131761 3e-17 314633
rs2070901 1 161215268 3e-32 314633
rs74180212 2 102181785 5e-37 314633
rs62408233 6 90266890 3e-38 314633
rs4722758 7 28116987 3e-28 314633
rs9860547 3 188411191 4e-42 314633
rs12750027 1 212883085 3e-10 314633
rs17454584 4 122432277 6e-36 314633
rs7734635 5 110823145 2e-30 314633
rs12365699 11 118872577 4e-30 314633
rs62623446 12 54974507 8e-13 314633
rs2066844 16 50712015 1e-10 314633
rs113010607 5 132770006 2e-19 314633
rs1612986 10 9022753 8e-41 314633
rs114444221 6 31335547 9e-18 314633
rs12935657 16 11125184 1e-49 314633
rs6594499 5 111134439 4e-66 314633
rs2299012 5 132581248 1e-49 314633
rs16903574 5 14610200 1e-23 314633
rs11071559 15 60777789 2e-37 314633
rs1861245 2 102350446 2e-69 314633
rs72743461 15 67149412 6e-63 314633
rs11236797 11 76588605 1e-93 314633
rs5743618 4 38797027 3e-74 314633
rs340934 9 6081804 3e-62 314633
rs34290285 2 241759225 4e-69 314633
rs12413578 10 9007290 9e-41 314633
rs1837253 5 111066174 7e-94 314633
rs117710327 19 33235672 3e-29 314633
rs7848215 9 6213468 5e-115 314633
rs12964116 18 63775385 8e-18 314633
rs12722502 10 6051176 7e-14 314633
rs4795399 17 39905186 1e-257 314633
rs117097909 17 39908718 2e-51 314633
rs72823641 2 102319699 2e-136 314633
rs12123821 1 152206676 8e-48 314633
rs112401631 17 40608272 2e-18 314633
rs55646091 11 76588387 6e-74 314633
rs78545931 2 102265892 9e-59 314633
rs59289606 9 112563085 5e-08 1452
rs439399 5 31696629 4e-07 1452
rs7315121 12 54081158 2e-07 1452
rs56317450 7 11137720 5e-07 1452
rs4679858 3 159428036 2e-07 1452
rs17742723 13 70061278 2e-06 3187
rs232542 2 38101036 4e-06 8273
rs7334050 13 70071740 4e-08 8273
rs7493885 14 50850700 3e-06 8273
rs13037508 20 14948299 5e-07 8273
rs883398 1 63023669 2e-06 522
rs4915866 1 63022557 6e-06 522
rs1861415 2 58626423 9e-06 522
rs6569651 6 130082936 9e-06 522
rs2403547 11 19966866 6e-06 522
rs1986254 11 19972258 8e-06 522
rs13090972 3 89027746 1e-06 522
rs958144 3 88945522 5e-06 522
rs13157529 5 107985181 6e-06 522
rs4571247 3 89017438 6e-06 522
rs11656155 17 51593949 6e-06 522
rs7041938 9 110329243 7e-06 522
rs76830467 12 117321510 3e-07 407
rs201541519 14 105694756 3e-07 407
rs117420762 20 46719767 3e-07 407
rs140179402 22 17685512 2e-08 407
rs111863753 4 22794376 8e-07 407
rs149647891 6 136006932 6e-07 407
rs5875060 6 25701740 8e-08 407
rs142161979 12 99392036 9e-09 407
rs137939366 19 48019433 3e-07 407
rs142320277 2 140665410 5e-08 407
rs6967330 7 106018005 3e-14 3684
rs2305480 17 39905943 6e-23 3684
rs928413 9 6213387 9e-13 3684
rs6871536 5 132634182 8e-07 3684
rs3894194 17 39965740 3e-21 3684
rs1295686 5 132660151 2e-06 3684
rs993226 12 84492794 5e-09 11181
rs9357733 6 52427338 2e-08 11181
rs12081541 1 152468890 9e-11 11181
rs17690965 5 132694975 5e-08 11181
rs479844 11 65784486 4e-10 11181
rs2155219 11 76588150 2e-15 11181
rs10445308 17 39781794 5e-08 11181
rs4988958 2 102351825 5e-13 27375
rs1295685 5 132660753 2e-09 27375
rs2596464 6 31445184 1e-08 27375
rs12551256 9 6231239 3e-08 27375
rs8069176 17 39900944 4e-26 27375
rs1986009 5 132552294 5e-10 281699
rs2844584 6 31353747 2e-21 281699
rs3104412 6 32618190 1e-142 281699
rs114798579 6 32629564 7e-19 281699
rs9272545 6 32639108 7e-288 281699
rs17843577 6 32647733 8e-223 281699
rs2647025 6 32668172 4e-99 281699
rs1694112 6 32681887 8e-41 281699
rs7755224 6 32684540 5e-138 281699
rs79870097 6 32694218 6e-30 281699
rs9275602 6 32715035 5e-29 281699
rs9276643 6 32777057 7e-105 281699
rs7749543 6 32783639 8e-115 281699
rs2621363 6 32801612 7e-31 281699
rs13241235 7 20545214 3e-14 281699
rs343478 9 6051399 2e-23 281699
rs72699188 9 6176871 1e-08 281699
rs62626322 10 6073676 3e-09 281699
rs61841332 10 6586262 1e-10 281699
rs3781094 10 8059464 2e-08 281699
rs6602301 10 8418702 9e-10 281699
rs7894791 10 8549406 5e-09 281699
rs11255938 10 8808772 3e-12 281699
rs72782675 10 8986983 3e-11 281699
rs12413578 10 9007290 1e-15 281699
rs55646091 11 76588387 2e-20 281699
rs1689510 12 56002984 3e-20 281699
rs3122929 12 57115319 6e-11 281699
rs12592283 15 67079082 5e-09 281699
rs10152595 15 67183150 4e-13 281699
rs3785356 16 27337847 3e-11 281699
rs112401631 17 40608272 8e-11 281699
rs7219483 17 40651705 5e-12 281699
rs159960 1 8416368 4e-10 281699
rs12123821 1 152206676 2e-27 281699
rs33941127 1 161198214 1e-09 281699
rs1214598 1 167457187 2e-17 281699
rs10912564 1 173201479 2e-09 281699
rs903361 1 203122146 4e-12 281699
rs891058 2 8302417 2e-19 281699
rs72823641 2 102319699 4e-61 281699
rs771018 2 197785535 3e-08 281699
rs34290285 2 241759225 1e-44 281699
rs35570272 3 33006170 1e-15 281699
rs73078636 3 51403873 2e-09 281699
rs6808893 3 188415651 9e-17 281699
rs113048054 3 196616946 3e-11 281699
rs28690449 4 38787511 4e-24 281699
rs4380538 4 122527407 5e-20 281699
rs16903574 5 14610200 8e-13 281699
rs11742240 5 35881274 3e-16 281699
rs1837253 5 111066174 4e-44 281699
rs3813308 5 119355086 2e-09 281699
rs848 5 132660808 8e-29 281699
rs449454 5 142153497 1e-12 281699
rs2961920 5 160484499 3e-09 281699
rs6926894 6 32644653 2e-100 281699
rs55771973 6 90271600 2e-25 281699
rs3190930 6 127970054 3e-11 281699
rs12201149 6 154841029 9e-09 281699
rs3757727 7 20372274 3e-14 281699
rs4722758 7 28116987 4e-14 281699
rs13263709 8 80374940 8e-22 281699
rs928412 9 6213148 5e-62 281699
rs11539209 9 128721272 2e-08 281699
rs12722547 10 6030130 6e-21 281699
rs2197415 10 9020893 4e-43 281699
rs12788104 11 1129831 1e-09 281699
rs7108441 11 36330231 2e-09 281699
rs479844 11 65784486 4e-11 281699
rs7936312 11 76582682 1e-59 281699
rs542831 11 111600668 5e-13 281699
rs56389811 12 47811575 5e-09 281699
rs3024971 12 57099944 1e-28 281699
rs981625 13 73465798 2e-08 281699
rs912131 13 99380092 8e-17 281699
rs1950897 14 68293424 8e-13 281699
rs1655558 15 41495387 1e-09 281699
rs11071559 15 60777789 7e-20 281699
rs72743461 15 67149412 7e-45 281699
rs12935657 16 11125184 6e-33 281699
rs3024664 16 27360103 6e-17 281699
rs12324931 16 50756247 2e-09 281699
rs2305479 17 39905964 2e-48 281699
rs8080122 17 42275129 2e-08 281699
rs4247364 17 45259320 2e-11 281699
rs12952581 17 49370984 6e-19 281699
rs3730775 18 54287596 1e-08 281699
rs12964116 18 63775385 4e-09 281699
rs117710327 19 33235672 3e-23 281699
rs6011033 20 63691346 7e-09 281699
rs8126516 21 35080321 4e-12 281699
rs12165508 22 41423956 1e-08 281699
rs4845604 1 151829204 3e-08 281699
rs950880 2 102316102 2e-23 281699
rs73196739 3 188684683 2e-11 281699
rs509399 3 187963924 1e-09 281699
rs78560100 4 122120316 3e-19 281699
rs4099209 5 110826563 9e-26 281699
rs3806933 5 111071044 3e-26 281699
rs142117234 5 132672844 4e-08 394283
rs139939994 9 6380605 1e-08 394283
rs35449774 6 33063835 7e-11 394283
rs3122929 12 57115319 1e-27 394283
rs17510339 5 132693722 2e-11 394283
rs78823938 7 28101332 5e-08 394283
rs112401631 17 40608272 2e-10 394283
rs6594500 5 111135296 4e-20 394283
rs72833417 17 47795683 1e-09 394283
rs10021288 4 122084379 4e-15 394283
rs72743461 15 67149412 4e-45 394283
rs2834787 21 35130261 2e-11 394283
rs3024622 16 27354132 2e-17 394283
rs62626322 10 6073676 4e-08 394283
rs9852988 3 188327228 3e-08 394283
rs705700 12 55995509 1e-16 394283
rs35570272 3 33006170 3e-15 394283
rs28412876 17 49377153 2e-15 394283
rs3190930 6 127970054 1e-11 394283
rs10131490 14 68276590 3e-12 394283
rs73194495 3 188610688 3e-08 394283
rs3828058 1 151813805 1e-12 394283
rs1023518 5 132458080 2e-25 394283
rs28617673 15 67078906 5e-13 394283
rs2241116 2 102386805 1e-22 394283
rs55684690 11 76346902 8e-29 394283
rs150260796 17 40012575 2e-12 394283
rs146644295 17 39418339 2e-14 394283
rs10515922 2 102298194 8e-09 394283
rs72702900 1 152799487 6e-16 394283
rs17406680 10 9166241 6e-20 394283
rs1837253 5 111066174 1e-51 394283
rs58029167 9 5850375 1e-15 394283
rs7760841 6 32607091 1e-12 394283
rs17513503 5 110810746 4e-17 394283
rs12964116 18 63775385 2e-09 394283
rs115008099 5 132656189 6e-32 394283
rs62375550 5 111051427 3e-09 394283
rs7936312 11 76582682 1e-48 394283
rs34437781 6 31357178 2e-08 394283
rs10056243 5 110923378 3e-12 394283
rs16903574 5 14610200 4e-12 394283
rs45613035 4 122219915 1e-12 394283
rs3757727 7 20372274 2e-10 394283
rs4594881 5 35846713 1e-10 394283
rs2253717 17 40711984 3e-10 394283
rs4705959 5 132530099 2e-09 394283
rs9663421 10 6013641 3e-10 394283
rs2305482 17 39984674 6e-13 394283
rs7626218 3 177134250 2e-12 394283
rs2477923 10 8524027 6e-13 394283
rs4247364 17 45259320 8e-12 394283
rs35621564 7 20547220 1e-13 394283
rs114559131 4 38754349 3e-10 394283
rs76181804 1 198632575 3e-08 394283
rs1684466 3 196632439 4e-15 394283
rs13099273 3 188415730 4e-17 394283
rs801429 17 39279125 3e-10 394283
rs12365699 11 118872577 9e-09 394283
rs75636497 9 6545605 2e-08 394283
rs9327638 5 132734014 1e-11 394283
rs17670280 3 188682451 5e-12 394283
rs10178845 2 8303673 3e-17 394283
rs75125788 10 9213927 5e-08 394283
rs6899623 6 90276840 9e-24 394283
rs10152595 15 67183150 1e-19 394283
rs13263709 8 80374940 2e-24 394283
rs112336433 3 196622133 3e-08 394283
rs12655443 5 142088291 2e-14 394283
rs7087058 10 8072959 1e-08 394283
rs903361 1 203122146 1e-11 394283
rs12785018 10 8473385 1e-10 394283
rs58507040 7 22752699 1e-09 394283
rs10791824 11 65791795 4e-11 394283
rs72793573 5 111228575 3e-08 394283
rs827637 10 8968661 2e-10 394283
rs2070901 1 161215268 2e-08 394283
rs7523907 1 167458010 9e-10 394283
rs3813308 5 119355086 6e-10 394283
rs301819 1 8441726 1e-09 394283
rs7918084 10 92669710 7e-10 394283
rs2315646 20 63748397 3e-09 394283
rs12718488 11 76655646 9e-09 394283
rs7936275 11 10639293 2e-08 394283
rs13427957 2 102072571 2e-08 394283
rs7517302 1 24927826 4e-08 394283
rs10965947 9 23588585 3e-08 394283
rs4845774 1 152473145 2e-08 394283
rs77741769 12 120926032 3e-08 394283
rs174566 11 61824890 5e-09 394283
rs11828343 11 111620598 2e-08 394283
rs13277355 8 127765473 2e-08 394283
rs7130870 11 36322652 8e-09 394283
rs12722502 10 6051176 6e-17 394283
rs201011002 12 57104437 2e-08 394283
rs145986476 16 27348194 1e-12 394283
rs72782676 10 8990592 7e-21 394283
rs146597587 9 6255967 7e-17 394283
rs59186511 13 99333984 4e-13 394283
rs2390314 7 20416355 3e-09 394283
rs79337446 3 33047293 5e-09 394283
rs7864027 9 6504189 4e-18 394283
rs72827176 17 39654542 5e-09 394283
rs34986765 15 60777002 2e-19 394283
rs35441874 16 11119164 1e-30 394283
rs13022699 2 101671373 8e-13 394283
rs10478040 5 111254701 4e-10 394283
rs77315098 16 27370327 1e-13 394283
rs1444782 10 9016708 1e-48 394283
rs11172086 12 57055423 8e-18 394283
rs34290285 2 241759225 4e-42 394283
rs10975416 9 6051924 5e-36 394283
rs1008723 17 39910014 2e-62 394283
rs138538714 4 122194117 2e-08 394283
rs72784452 10 9069863 2e-23 394283
rs149096812 5 111082543 2e-08 394283
rs117710327 19 33235672 1e-21 394283
rs992969 9 6209697 3e-64 394283
rs77000868 10 9028714 1e-14 394283
rs72823641 2 102319699 2e-60 394283
rs1420101 2 102341256 8e-15 54543
rs11137048 8 6668487 3e-07 3000
rs6866110 5 149646839 3e-07 3000
rs62227671 22 44111992 6e-09 3000
rs6122625 20 47844694 6e-08 3000
rs57504074 2 134489652 3e-07 3000
rs4672623 2 211721479 9e-09 3000
rs10955770 8 116297663 8e-08 3000
rs70620 1 196735867 2e-07 3000
rs12664685 6 143037932 2e-07 3000
rs2858892 6 32725465 4e-07 6646
rs2402306 14 93544435 3e-06 6646
rs12207974 6 30487517 9e-11 37846
rs7848215 9 6213468 8e-12 37846
rs1696361 12 120926020 7e-07 37846
rs10774625 12 111472415 1e-07 37846
rs1837253 5 111066174 4e-06 37846
rs11071559 15 60777789 5e-06 37846
rs2069763 4 122456327 8e-06 37846
rs13416555 2 8301605 2e-06 37846
rs479844 11 65784486 1e-06 37846
rs34880821 7 22735831 8e-06 37846
rs117137535 9 137605991 3e-08 37846
rs12365699 11 118872577 4e-14 37846
rs12964116 18 63775385 5e-08 37846
rs4574025 18 62342581 2e-10 37846
rs4795399 17 39905186 7e-65 37846
rs5743618 4 38797027 5e-22 37846
rs61816761 1 152313385 8e-27 37846
rs61894547 11 76537586 4e-15 37846
rs7518129 1 173194429 5e-09 37846
rs10208293 2 102349850 1e-15 37846
rs9272346 6 32636595 7e-08 37846
rs928413 9 6213387 5e-11 37846
rs9901146 17 39887090 4e-57 37846
rs11658582 17 40606948 1e-10 37846
rs3771175 2 102343750 8e-17 37846
rs10187276 2 227805721 2e-08 37846
rs78147778 2 241742614 2e-08 37846
rs2889896 3 188384928 8e-13 37846
rs4705962 5 132693166 6e-10 37846
rs9274659 6 32668608 7e-18 37846
rs1093 6 31354129 8e-10 37846
rs117733692 8 10186480 1e-06 6143
rs3772010 2 6960080 3e-06 6143
rs11665213 18 47496342 7e-06 6143
rs1677005 18 26403713 8e-06 6143
rs35614679 18 26315873 8e-06 6143
rs281508 2 46184068 1e-06 304
rs2193412 2 50909664 4e-06 304
rs12991650 2 210976104 3e-06 304
rs6790709 3 29005953 3e-06 304
rs4689355 4 6175408 5e-07 304
rs4689318 4 6017164 7e-06 304
rs3812141 6 83524425 8e-07 304
rs6929584 6 69672978 5e-06 304
rs3093009 6 167135989 4e-07 304
rs7777754 7 50598336 6e-06 304
rs2720499 8 17534848 3e-07 304
rs2741335 8 27480274 8e-06 304
rs11812286 10 59313854 3e-06 304
rs1910505 11 11087692 4e-06 304
rs517020 12 128978158 7e-07 304
rs7976838 12 59692425 4e-07 304
rs12436663 14 35169914 6e-08 304
rs1872085 17 73531941 2e-06 304
rs9952762 18 75689695 5e-07 304
rs917063 14 71181355 1e-06 304
rs2899832 14 35271735 6e-06 304
rs7003550 8 134838655 1e-08 489
rs9896933 17 82940212 3e-08 489
rs7599706 2 236897044 4e-08 489
rs12447718 16 88503726 4e-08 489
rs4368243 18 40803519 6e-08 489
rs2316527 7 154830747 8e-08 489
rs4484658 8 95196498 8e-08 489
rs7506840 18 6522757 9e-08 489
rs10485681 20 41864432 1e-07 489
rs6475448 9 20497144 2e-09 133
rs7794356 7 71273743 9e-07 133
rs230504 4 102560404 2e-09 346545
rs8086340 18 62339745 7e-09 346545
rs697852 1 226727033 7e-08 346545
rs3787184 20 51541298 8e-08 346545
rs2013724 14 35387142 1e-08 346545
rs1057258 2 233206983 3e-07 346545
rs13088318 3 101523907 9e-06 346545
rs45599938 4 122465565 1e-29 346545
rs77665773 5 14700894 3e-10 346545
rs72743461 15 67149412 5e-37 346545
rs981625 13 73465798 3e-14 346545
rs144829310 9 6208030 2e-37 346545
rs61839660 10 6052734 3e-28 346545
rs7936312 11 76582682 1e-77 346545
rs12122629 1 152101640 1e-24 346545
rs112401631 17 40608272 2e-40 346545
rs72823641 2 102319699 1e-78 346545
rs28407950 6 32658571 7e-70 346545
rs28690449 4 38787511 2e-64 346545
rs1438673 5 111131801 7e-62 346545
rs34290285 2 241759225 6e-58 346545
rs12935657 16 11125184 6e-45 346545
rs6881270 5 35878993 3e-44 346545
rs1775553 10 9012362 1e-31 346545
rs3024971 12 57099944 5e-30 346545
rs891058 2 8302417 3e-29 346545
rs117710327 19 33235672 3e-25 346545
rs1214598 1 167457187 8e-25 346545
rs10519068 15 60776505 3e-24 346545
rs905670 6 90248783 8e-23 346545
rs11213941 11 111563369 3e-18 346545
rs2961920 5 160484499 3e-17 346545
rs479844 11 65784486 3e-17 346545
rs4648883 1 24934712 4e-16 346545
rs7725052 5 40487168 2e-14 346545
rs449454 5 142153497 9e-14 346545
rs653178 12 111569952 3e-14 346545
rs10910095 1 2579316 4e-13 346545
rs1940377 11 128261371 8e-13 346545
rs3540 15 90502176 2e-13 346545
rs4491851 3 33042493 1e-13 346545
rs12440045 15 41490486 2e-13 346545
rs113048054 3 196616946 4e-12 346545
rs2689282 3 121918956 5e-12 346545
rs9494883 6 137850329 1e-11 346545
rs6011033 20 63691346 1e-11 346545
rs2139049 2 198022936 2e-11 346545
rs34210653 17 4632019 2e-10 346545
rs16858573 2 143118156 2e-10 346545
rs11685995 2 227857292 2e-10 346545
rs61192126 3 72345701 9e-10 346545
rs7240948 18 54338086 3e-10 346545
rs6021268 20 51524602 2e-09 346545
rs59183580 11 95692306 2e-09 346545
rs12365699 11 118872577 1e-09 346545
rs12623041 2 111505565 1e-09 346545
rs1143633 2 112832890 1e-09 346545
rs6446685 4 4764538 1e-09 346545
rs10883723 10 102466075 1e-09 346545
rs10995245 10 62631615 2e-09 346545
rs7953139 12 122177994 8e-11 346545
rs10468514 17 45378874 6e-11 346545
rs2393717 12 120782572 8e-12 346545
rs3813308 5 119355086 1e-11 346545
rs2228145 1 154454494 1e-12 346545
rs12165508 22 41423956 2e-09 346545
rs2070901 1 161215268 6e-12 346545
rs2190097 7 77409628 3e-11 346545
rs3933376 6 127970926 9e-10 346545
rs10912564 1 173201479 1e-13 346545
rs13277355 8 127765473 6e-13 346545
rs1950897 14 68293424 3e-13 346545
rs6473228 8 80387531 2e-15 346545
rs9549238 13 40605184 1e-11 346545
rs12952581 17 49370984 5e-16 346545
rs9290877 3 188724692 2e-15 346545
rs7650683 3 188727995 2e-15 346545
rs12887759 14 102772514 1e-12 346545
rs8126516 21 35080321 1e-09 346545
rs10244416 7 20536128 2e-20 346545
rs4722758 7 28116987 2e-16 346545
rs1295685 5 132660753 3e-19 346545
rs13153019 5 177355217 3e-06 346545
rs16922576 9 5064193 1e-07 346545
rs7632381 3 141387221 3e-10 346545
rs10208293 2 102349850 3e-08 13886
rs9272346 6 32636595 2e-08 13886
rs928413 9 6213387 7e-16 13886
rs1861760 16 50823782 4e-08 13886
rs9901146 17 39887090 2e-16 13886
rs12468899 2 101809678 2e-07 13886
rs11071559 15 60777789 8e-07 13886
rs1805013 16 27362659 8e-07 13886
rs413382 9 6142948 6e-08 13886
rs3859192 17 39972395 2e-13 13886
rs61816761 1 152313385 5e-27 394283
rs2428494 6 31354420 2e-14 394283
rs2844482 6 31571990 1e-09 394283
rs115813648 1 152949110 2e-13 394283
rs12123821 1 152206676 1e-25 394283
rs114357009 6 28997735 2e-10 394283
rs2647044 6 32700133 4e-15 394283
rs2025758 10 8799706 5e-18 447576
rs7094182 10 8484656 5e-12 447576
rs325485 5 104659667 2e-08 447576
rs227283 4 102686096 3e-08 447576
rs3117006 6 33128931 3e-08 447576
rs6736411 2 63446926 3e-08 447576
rs71565398 6 33633953 4e-08 447576
rs1709393 3 101980310 4e-08 411593
rs396755 5 104686538 2e-11 567288
rs301817 1 8443319 3e-09 567288
rs10789340 1 72474590 3e-08 567288
rs28383364 6 32639135 3e-17 394283
rs28688825 6 32619380 5e-31 394283
rs3093539 6 31570500 1e-09 394283
rs17843604 6 32652506 1e-18 54543
rs9269080 6 32473192 1e-08 54543
rs140302846 6 32455739 1e-15 450910
rs9268813 6 32456817 8e-14 450910
rs9268848 6 32461526 3e-20 450910
rs140545087 6 32992717 3e-10 450910
rs6899623 6 90276840 1e-12 450910
rs9271365 6 32619017 7e-35 450910
rs2746115 6 32319552 8e-09 450910
rs9272105 6 32632222 5e-12 450910
rs12663317 6 32775050 6e-12 450910
rs2760995 6 32606581 6e-11 450910
rs6689 6 32659923 7e-11 450910
rs28688825 6 32619380 1e-28 450910
rs112796209 6 32581754 1e-10 450910
rs9275570 6 32710422 3e-18 450910
rs112430285 6 32616103 8e-12 450910
rs11964504 6 33015971 3e-08 450910
rs10486391 7 20336395 4e-09 450910
rs10244416 7 20536128 2e-08 450910
rs73033536 7 3110249 3e-08 450910
rs2001628 8 80390804 6e-15 450910
rs12379291 9 5840749 2e-08 450910
rs7851246 9 6362365 2e-23 450910
rs146597587 9 6255967 4e-11 450910
rs992969 9 6209697 2e-37 450910
rs1059513 12 57095926 7e-12 450910
rs3122929 12 57115319 8e-15 450910
rs10152595 15 67183150 3e-12 450910
rs34986765 15 60777002 2e-10 450910
rs72743461 15 67149412 7e-31 450910
rs12913547 15 67175169 2e-09 450910
rs148586558 15 67088795 8e-09 450910
rs7203459 16 11136846 6e-16 450910
rs140152038 16 27353989 1e-08 450910
rs3024619 16 27353485 5e-12 450910
rs28412876 17 49377153 7e-09 450910
rs79411018 17 39850018 6e-10 450910
rs145835664 17 39423130 2e-08 450910
rs8069176 17 39900944 3e-29 450910
rs8077456 17 39972512 8e-10 450910
rs62066853 17 39974239 6e-09 450910
rs4795402 17 39929132 7e-10 450910
rs9903269 17 39586130 6e-10 450910
rs117710327 19 33235672 4e-16 450910
rs56045941 21 35049034 3e-08 450910
rs6681149 1 31699492 3e-06 450910
rs540874 11 66562261 2e-06 450910
rs111365807 17 75829382 1e-07 450910
rs9895419 17 78844832 7e-06 450910
rs112104755 18 23000571 4e-06 450910
rs76962799 9 6187132 5e-15 450910
rs343476 9 6072597 1e-23 450910
rs274947 9 23585314 9e-11 450910
rs570730 10 8064496 3e-09 450910
rs12722547 10 6030130 6e-09 450910
rs12356492 10 8996394 5e-19 450910
rs1031163 10 9015459 9e-30 450910
rs12413578 10 9007290 1e-27 450910
rs2589561 10 9004682 1e-20 450910
rs827620 10 8960206 7e-14 450910
rs17145188 10 9066555 3e-11 450910
rs72782676 10 8990592 7e-11 450910
rs2477923 10 8524027 8e-11 450910
rs827624 10 8959364 7e-10 450910
rs446522 10 8806288 1e-08 450910
rs117418264 10 9034193 2e-08 450910
rs75861713 10 8956766 3e-08 450910
rs12785018 10 8473385 3e-08 450910
rs77987301 10 8850422 5e-08 450910
rs11828343 11 111620598 3e-10 450910
rs7936323 11 76582714 2e-22 450910
rs55646091 11 76588387 2e-16 450910
rs174583 11 61842278 1e-08 450910
rs2618070 11 76324763 5e-08 450910
rs705700 12 55995509 2e-09 450910
rs301817 1 8443319 5e-08 450910
rs34290285 2 241759225 2e-21 450910
rs1004548 2 102119246 7e-11 450910
rs59185885 2 102327786 1e-39 450910
rs1468790 2 102475982 8e-19 450910
rs10167431 2 102236342 4e-18 450910
rs12479210 2 102332701 2e-37 450910
rs3856439 2 8319274 2e-08 450910
rs74538397 2 101962555 8e-10 450910
rs12712161 2 102584846 2e-10 450910
rs13008334 2 102550572 2e-09 450910
rs74263644 2 102578099 2e-13 450910
rs72825990 2 102562489 3e-08 450910
rs6756212 2 145382564 4e-08 450910
rs2811387 3 128296335 1e-08 450910
rs13099273 3 188415730 3e-10 450910
rs1420466 3 169000309 2e-10 450910
rs2019472 3 196008500 2e-08 450910
rs114559131 4 38754349 8e-09 450910
rs13355228 5 157542675 8e-10 450910
rs2057656 5 132473613 1e-19 450910
rs16903574 5 14610200 4e-09 450910
rs12652920 5 132549548 1e-19 450910
rs75639632 5 132579587 2e-12 450910
rs13164856 5 132477512 4e-08 450910
rs9327638 5 132734014 2e-09 450910
rs62381975 5 142133453 1e-09 450910
rs73786772 5 111136093 2e-10 450910
rs1837253 5 111066174 5e-22 450910
rs76072474 6 31663557 2e-08 450910
rs3130490 6 31771343 5e-10 450910
rs6581895 12 69448863 5e-07 667
rs8089834 18 41911693 8e-06 450910
rs73504817 19 17056913 2e-06 450910
rs8103278 19 45867123 4e-06 450910
rs1381928 1 8630874 4e-10 457822
rs6681149 1 31699492 3e-13 457822
rs9275570 6 32710422 2e-19 457822
rs28423374 7 20540024 2e-11 457822
rs540874 11 66562261 4e-09 457822
rs4759229 12 56080696 2e-21 457822
rs111365807 17 75829382 1e-11 457822
rs3826331 17 39994239 1e-12 457822
rs9895419 17 78844832 1e-10 457822
rs8089834 18 41911693 1e-13 457822
rs10152595 15 67183150 1e-20 457690
rs112104755 18 23000571 7e-10 457690
rs11213940 11 111563202 2e-13 457690
rs12491785 3 169128913 1e-12 457690
rs73084574 7 20304503 4e-12 457690
rs73086541 7 20336480 7e-18 457690
rs73504817 19 17056913 1e-15 457690
rs8103278 19 45867123 5e-11 457690
rs174583 11 61842278 4e-10 508957
rs2855812 6 31504943 2e-16 567288
rs2854275 6 32660651 3e-13 567288
rs150814685 6 28728995 2e-11 567288
rs149702363 6 29257248 4e-10 567288
rs493161 6 27882936 1e-09 567288
rs148696809 6 28966575 5e-09 567288
rs147121091 6 27303811 3e-08 567288
rs11187027 10 92499423 4e-08 610118
rs1512226 2 60324666 2e-08 610118
rs174584 11 61843278 4e-11 610118
rs3768321 1 39570256 5e-08 610118
rs849139 7 28139777 2e-08 610118
rs10208293 2 102349850 3e-06 339801
rs928413 9 6213387 5e-17 339801
rs1775554 10 9012377 5e-29 339801
rs992969 9 6209697 3e-17 339801
rs1837253 5 111066174 3e-13 339801
rs17622378 5 132442760 3e-13 339801
rs72823641 2 102319699 4e-12 339801
rs1321859 6 90301954 6e-12 339801
rs56062135 15 67163292 6e-12 339801
rs34290285 2 241759225 2e-11 339801
rs56389811 12 47811575 2e-10 339801
rs12617922 2 145399111 2e-10 339801
rs7936312 11 76582682 4e-09 339801
rs3122929 12 57115319 6e-09 339801
rs12788104 11 1129831 1e-08 339801
rs11088309 21 35092334 5e-08 339801
rs4739738 8 80379410 9e-08 339801
rs174621 11 61862632 1e-08 339801
rs35032408 16 11121567 1e-08 339801
rs11178648 12 71139430 7e-07 339801
rs705699 12 55991020 6e-07 339801
rs10414065 19 33230549 1e-06 339801
rs1723018 1 167464183 7e-06 339801
rs2056626 1 167451188 2e-07 339801
rs12935657 16 11125184 1e-25 417151
rs12600062 16 68253641 4e-08 417151
rs9940480 16 27338117 4e-12 417151
rs1158136 16 27408716 7e-09 417151
rs151770 16 11246664 3e-08 417151
rs16948048 17 49363104 3e-17 417151
rs4793090 17 42534324 5e-08 417151
rs113366589 17 42364598 3e-09 417151
rs4795413 17 39994693 8e-11 417151
rs150260796 17 40012575 3e-09 417151
rs75905358 17 40128610 1e-10 417151
rs9903269 17 39586130 1e-16 417151
rs79411018 17 39850018 1e-10 417151
rs145835664 17 39423130 4e-12 417151
rs56380902 17 39910119 6e-39 417151
rs3859192 17 39972395 1e-16 417151
rs7224548 17 45259769 8e-10 417151
rs10305290 17 40448294 4e-09 417151
rs9889953 17 40598548 2e-12 417151
rs112401631 17 40608272 6e-16 417151
rs12964116 18 63775385 5e-14 417151
rs117552144 19 3136093 4e-08 417151
rs118013485 19 33235671 2e-14 417151
rs2766666 20 53555602 4e-10 417151
rs2834787 21 35130261 3e-08 417151
rs12420744 11 76402977 2e-14 417151
rs12718488 11 76655646 2e-08 417151
rs2213020 11 76323657 1e-13 417151
rs1892954 11 76561595 9e-11 417151
rs60748394 11 76556723 1e-09 417151
rs2618070 11 76324763 2e-08 417151
rs705699 12 55991020 4e-16 417151
rs3024971 12 57099944 3e-24 417151
rs17547610 12 57136558 1e-15 417151
rs3122929 12 57115319 4e-25 417151
rs61946386 12 120926222 1e-08 417151
rs62623446 12 54974507 2e-10 417151
rs7325747 13 99377678 8e-12 417151
rs8008961 14 68285926 2e-14 417151
rs10152595 15 67183150 9e-14 417151
rs8043253 15 41211532 3e-10 417151
rs12440111 15 41490523 2e-08 417151
rs34986765 15 60777002 6e-14 417151
rs922782 15 60777984 6e-09 417151
rs17293632 15 67150258 4e-27 417151
rs12912010 15 67174805 2e-14 417151
rs28617673 15 67078906 3e-11 417151
rs12925631 16 11159977 4e-09 417151
rs7206912 16 11150801 2e-14 417151
rs79156681 16 11210463 2e-08 417151
rs141343442 2 241751355 1e-08 417151
rs7370843 2 241734689 1e-08 417151
rs34290285 2 241759225 2e-41 417151
rs115572130 2 241800856 8e-11 417151
rs3771175 2 102343750 8e-50 417151
rs10167431 2 102236342 8e-17 417151
rs13017455 2 102348282 6e-29 417151
rs13416449 2 102226205 7e-12 417151
rs10174949 2 8302118 2e-16 417151
rs13022699 2 101671373 7e-10 417151
rs67768228 2 102636570 3e-11 417151
rs17775170 2 102635468 1e-09 417151
rs2310313 2 102594085 1e-12 417151
rs11688802 2 102510080 2e-09 417151
rs72825990 2 102562489 5e-10 417151
rs61033544 2 111520962 4e-08 417151
rs79761396 3 33123159 1e-09 417151
rs10934569 3 121999606 1e-08 417151
rs9828592 3 33002847 2e-16 417151
rs13099273 3 188415730 3e-14 417151
rs55661102 3 188683350 2e-11 417151
rs112669193 3 196650180 8e-09 417151
rs62296577 3 177131952 1e-11 417151
rs11716087 3 176978234 4e-08 417151
rs509399 3 187963924 4e-09 417151
rs3939286 9 6210099 7e-44 417151
rs16924144 9 6221246 6e-10 417151
rs72699185 9 6175522 6e-09 417151
rs10975413 9 6049843 2e-21 417151
rs138407416 9 128710523 6e-09 417151
rs544253 9 6142157 3e-08 417151
rs12722502 10 6051176 9e-14 417151
rs7918084 10 92669710 9e-11 417151
rs7893324 10 6069112 3e-09 417151
rs17406680 10 9166241 2e-11 417151
rs41284471 10 6584252 1e-09 417151
rs1444782 10 9016708 4e-27 417151
rs2589561 10 9004682 9e-27 417151
rs12413578 10 9007290 3e-23 417151
rs2025758 10 8799706 9e-13 417151
rs72782676 10 8990592 1e-10 417151
rs1143869 10 9251327 5e-10 417151
rs17145188 10 9066555 1e-09 417151
rs75861713 10 8956766 7e-09 417151
rs10791824 11 65791795 6e-14 417151
rs7936312 11 76582682 5e-56 417151
rs55646091 11 76588387 7e-41 417151
rs72944758 11 76462904 1e-08 417151
rs12365699 11 118872577 4e-11 417151
rs143942614 11 76708897 3e-08 417151
rs132911 22 41408156 2e-08 417151
rs58743367 5 111052064 2e-13 417151
rs12055046 5 110933992 1e-11 417151
rs41267086 6 31879859 6e-12 417151
rs2596544 6 31361514 7e-14 417151
rs34492353 6 31552881 1e-13 417151
rs9268813 6 32456817 8e-15 417151
rs13197384 6 135497759 2e-09 417151
rs2245214 6 106214866 4e-11 417151
rs34744948 6 31594990 4e-11 417151
rs12212193 6 90287050 2e-20 417151
rs17843580 6 32647774 4e-31 417151
rs34104805 6 32621440 1e-13 417151
rs3132954 6 32343682 3e-11 417151
rs73730377 6 32617103 2e-23 417151
rs3997868 6 32610813 1e-13 417151
rs74209703 6 32313239 5e-10 417151
rs542418 6 31868665 3e-08 417151
rs2517690 6 29961296 7e-09 417151
rs12196740 6 31353630 3e-08 417151
rs41288885 6 32717421 9e-10 417151
rs35449774 6 33063835 3e-11 417151
rs3130160 6 33157195 9e-11 417151
rs3116995 6 33130274 6e-09 417151
rs11751024 6 32618459 5e-24 417151
rs41263828 6 32665218 1e-10 417151
rs2647003 6 32697103 3e-13 417151
rs7770794 6 154306689 1e-08 417151
rs151027268 6 32821623 2e-08 417151
rs2229094 6 31572779 3e-09 417151
rs28559870 6 31410197 2e-08 417151
rs9266289 6 31360979 4e-08 417151
rs41273040 6 31507279 6e-09 417151
rs41285280 6 127970504 6e-15 417151
rs3819720 6 32836793 3e-08 417151
rs2904789 6 31484655 5e-11 417151
rs443863 6 32233814 6e-09 417151
rs2390314 7 20416355 7e-09 417151
rs78823938 7 28101332 5e-09 417151
rs1012177 7 22571094 4e-09 417151
rs35621564 7 20547220 7e-10 417151
rs13263709 8 80374940 1e-16 417151
rs117137535 9 137605991 3e-08 417151
rs2159778 9 120915851 2e-10 417151
rs3003612 9 128226337 1e-08 417151
rs66632892 9 5866925 4e-13 417151
rs41280733 9 5765648 1e-09 417151
rs10975660 9 6583518 7e-09 417151
rs76962799 9 6187132 1e-26 417151
rs2169287 9 6305904 2e-31 417151
rs149045797 9 6252690 1e-12 417151
rs45613035 4 122219915 5e-16 417151
rs62324212 4 122639784 1e-14 417151
rs1479924 4 122466445 9e-13 417151
rs10021288 4 122084379 8e-19 417151
rs151275015 4 122387310 5e-08 417151
rs6847640 4 38745467 9e-15 417151
rs13107091 4 38766666 3e-08 417151
rs1023518 5 132458080 7e-14 417151
rs1457115 5 111231900 5e-13 417151
rs2289278 5 111073450 8e-12 417151
rs149205188 5 111096578 1e-09 417151
rs4594881 5 35846713 1e-13 417151
rs72799426 5 132748537 2e-08 417151
rs16903574 5 14610200 2e-09 417151
rs20541 5 132660272 1e-21 417151
rs2243297 5 132663479 4e-10 417151
rs10455052 5 132698896 1e-12 417151
rs249677 5 142159774 8e-10 417151
rs17513503 5 110810746 3e-20 417151
rs6886061 5 110660766 1e-13 417151
rs73786772 5 111136093 4e-22 417151
rs2289276 5 111071809 2e-11 417151
rs10061842 5 111067157 5e-08 417151
rs114442993 5 111096199 1e-09 417151
rs1837253 5 111066174 2e-35 417151
rs2070901 1 161215268 6e-09 417151
rs61816761 1 152313385 2e-48 417151
rs72702900 1 152799487 9e-21 417151
rs12123821 1 152206676 2e-34 417151
rs7523907 1 167458010 4e-11 417151
rs71625139 1 151829917 2e-08 417151
rs55875222 1 151790858 2e-14 417151
rs12144049 1 152468434 2e-21 417151
rs138726443 1 152307547 4e-10 417151
rs1552994 1 152198985 5e-11 417151
rs61815704 1 152921415 2e-21 417151
rs2065206 1 152798817 2e-08 417151
rs4845604 1 151829204 1e-12 417151
rs3828058 1 151813805 2e-11 417151
rs2230624 1 12115601 9e-10 417151
rs4491070 1 12069994 3e-08 417151
rs11811856 1 173202534 7e-10 417151
rs2422254 1 172810693 6e-09 417151
rs1917534 1 167428034 3e-08 417151
rs4286272 2 197670954 4e-14 417151
rs6755198 2 223799091 3e-08 417151
rs34143604 2 241622595 9e-09 417151
rs6681149 1 31699492 3e-13 457822
rs72836344 2 111117122 4e-09 457822
rs12493005 3 177195111 2e-11 457822
rs7670374 4 52437952 5e-10 457822
rs6900923 6 143977063 5e-10 457822
rs4759229 12 56080696 2e-23 457822
rs111365807 17 75829382 7e-12 457822
rs6427082 1 167326601 3e-13 457822
rs7523907 1 167458010 5e-08 426604
rs3767745 1 198688721 2e-10 426604
rs34290285 2 241759225 8e-20 426604
rs59185885 2 102327786 5e-27 426604
rs1468790 2 102475982 1e-14 426604
rs10167431 2 102236342 4e-14 426604
rs12479210 2 102332701 3e-33 426604
rs13022699 2 101671373 4e-08 426604
rs74263644 2 102578099 1e-09 426604
rs1474011 2 145360501 1e-09 426604
rs4491851 3 33042493 1e-09 426604
rs62296577 3 177131952 1e-10 426604
rs75355720 5 157209701 9e-10 426604
rs3749833 5 132463934 2e-15 426604
rs115008099 5 132656189 2e-15 426604
rs60153262 5 132649143 7e-12 426604
rs1821263 5 142088689 5e-08 426604
rs73786772 5 111136093 6e-11 426604
rs1837253 5 111066174 4e-19 426604
rs76072474 6 31663557 1e-11 426604
rs3130490 6 31771343 2e-14 426604
rs140302846 6 32455739 7e-13 426604
rs9268813 6 32456817 1e-17 426604
rs140545087 6 32992717 5e-09 426604
rs6454805 6 90276634 2e-15 426604
rs3104369 6 32634705 1e-11 426604
rs35789108 6 32582349 2e-23 426604
rs12661352 6 32777750 3e-09 426604
rs4713555 6 32607747 7e-13 426604
rs566952760 6 32625016 2e-10 426604
rs9275282 6 32695197 1e-14 426604
rs6689 6 32659923 3e-09 426604
rs9272426 6 32637412 1e-33 426604
rs28688825 6 32619380 9e-24 426604
rs34084957 6 32586627 3e-12 426604
rs9266629 6 31379045 4e-09 426604
rs2001628 8 80390804 1e-12 426604
rs10091870 8 80406657 4e-09 426604
rs7047575 9 5841438 3e-09 426604
rs7851246 9 6362365 2e-19 426604
rs146597587 9 6255967 2e-09 426604
rs992969 9 6209697 8e-30 426604
rs76962799 9 6187132 6e-15 426604
rs115053934 9 5950583 1e-08 426604
rs10975413 9 6049843 8e-18 426604
rs477771 10 8061096 2e-09 426604
rs12722502 10 6051176 3e-10 426604
rs17406680 10 9166241 2e-12 426604
rs72782676 10 8990592 6e-11 426604
rs962992 10 9011110 2e-34 426604
rs12413578 10 9007290 5e-26 426604
rs2589561 10 9004682 4e-25 426604
rs930579 10 8995529 1e-15 426604
rs827620 10 8960206 1e-14 426604
rs10795672 10 8735677 2e-11 426604
rs17145188 10 9066555 2e-10 426604
rs12785018 10 8473385 4e-10 426604
rs118091978 10 9108236 5e-10 426604
rs7936070 11 76582483 6e-22 426604
rs55646091 11 76588387 2e-11 426604
rs174584 11 61843278 4e-16 426604
rs705700 12 55995509 1e-09 426604
rs1059513 12 57095926 2e-15 426604
rs17547610 12 57136558 9e-09 426604
rs3122929 12 57115319 3e-14 426604
rs8002731 13 39788092 4e-10 426604
rs10152595 15 67183150 1e-11 426604
rs7183955 15 60757370 3e-08 426604
rs72743461 15 67149412 3e-21 426604
rs28617673 15 67078906 1e-10 426604
rs12912010 15 67174805 1e-09 426604
rs35441874 16 11119164 3e-15 426604
rs140152038 16 27353989 2e-08 426604
rs2239346 16 27347740 5e-09 426604
rs2412099 17 49391824 1e-08 426604
rs117710327 19 33235672 7e-15 426604
rs56045941 21 35049034 4e-10 426604
rs6681149 1 31699492 7e-06 426604
rs4616071 11 111570140 1e-06 426604
rs1787663 11 65527359 6e-06 426604
rs4842921 15 83887871 3e-06 426604
rs111365807 17 75829382 4e-07 426604
rs8103278 19 45867123 2e-06 426604
rs72836344 2 111117122 2e-06 426604
rs7670374 4 52437952 4e-06 426604
rs6900923 6 143977063 4e-06 426604
rs9272346 6 32636595 2e-47 339801
rs28407950 6 32658571 8e-31 339801
rs2428494 6 31354420 5e-23 339801
rs1117490 6 30202733 7e-07 339801
rs9391997 6 409119 7e-11 327670
rs1321859 6 90301954 9e-10 327670
rs4473914 7 20386640 9e-09 327670
rs34880821 7 22735831 5e-10 327670
rs917115 7 28132967 2e-09 327670
rs13277355 8 127765473 2e-10 327670
rs4739738 8 80379410 3e-13 327670
rs992969 9 6209697 7e-42 327670
rs1723018 1 167464183 8e-06 327670
rs7705042 5 142112854 4e-07 327670
rs6461503 7 20521373 9e-08 327670
rs1623866 20 63701670 9e-06 327670
rs10208293 2 102349850 4e-38 327670
rs928413 9 6213387 2e-40 327670
rs9901146 17 39887090 8e-99 327670
rs2066844 16 50712015 4e-08 327670
rs4795399 17 39905186 1e-111 327670
rs8066625 17 42238611 5e-09 327670
rs56308324 17 47741840 3e-09 327670
rs28406364 17 49377145 1e-11 327670
rs4574025 18 62342581 9e-09 327670
rs12964116 18 63775385 3e-16 327670
rs4807630 19 1170446 2e-08 327670
rs10414065 19 33230549 6e-09 327670
rs10175070 2 227805859 4e-12 327670
rs34290285 2 241759225 2e-20 327670
rs13416555 2 8301605 2e-13 327670
rs35570272 3 33006170 3e-10 327670
rs2069763 4 122456327 2e-14 327670
rs5743618 4 38797027 3e-32 327670
rs1837253 5 111066174 2e-27 327670
rs16903574 5 14610200 9e-16 327670
rs10036789 5 72400091 5e-08 327670
rs7518129 1 173194429 2e-11 327670
rs12023876 1 203124073 1e-09 327670
rs943451 10 6579811 8e-14 327670
rs7894791 10 8549406 9e-11 327670
rs1775554 10 9012377 3e-13 327670
rs12365699 11 118872577 2e-13 327670
rs479844 11 65784486 1e-11 327670
rs61894547 11 76537586 2e-39 327670
rs7936312 11 76582682 5e-33 327670
rs10774625 12 111472415 2e-08 327670
rs62623446 12 54974507 1e-10 327670
rs705699 12 55991020 1e-11 327670
rs3122929 12 57115319 7e-17 327670
rs11178648 12 71139430 4e-08 327670
rs1887704 13 99322238 5e-13 327670
rs1950897 14 68293424 1e-08 327670
rs11071559 15 60777789 3e-15 327670
rs56062135 15 67163292 3e-26 327670
rs35032408 16 11121567 5e-14 327670
rs3785356 16 27337847 6e-13 327670
rs72836349 2 111134218 1e-18 457690
rs1787663 11 65527359 6e-10 457690
rs4616071 11 111570140 6e-12 457690
rs10152595 15 67183150 3e-20 457690
rs4842921 15 83887871 8e-11 457690
rs8103278 19 45867123 1e-11 457690
rs174583 11 61842278 4e-17 484651
rs3117006 6 33128931 2e-06 357157
rs529876593 6 128989531 1e-08 406621
rs1799964 6 31574531 1e-11 406621
rs2855811 6 31504024 1e-09 406621
rs55743914 6 127972417 3e-10 406621
rs3819720 6 32836793 2e-08 406621
rs6918558 6 127822379 2e-09 406621
rs574560492 6 32905142 5e-08 406621
rs6954667 7 22740703 7e-09 406621
rs3757727 7 20372274 1e-10 406621
rs10262599 7 20345190 8e-09 406621
rs2390314 7 20416355 2e-08 406621
rs78823938 7 28101332 9e-09 406621
rs10244416 7 20536128 1e-13 406621
rs13279820 8 127765520 5e-14 406621
rs4739738 8 80379410 6e-17 406621
rs4733778 8 127816434 3e-09 406621
rs150707349 9 99227424 4e-08 406621
rs117137535 9 137605991 1e-09 406621
rs1929933 9 6555079 9e-11 406621
rs76962799 9 6187132 3e-23 406621
rs10815376 9 6222149 6e-26 406621
rs146597587 9 6255967 1e-10 406621
rs928412 9 6213148 3e-59 406621
rs55645596 9 6236407 6e-14 406621
rs72699185 9 6175522 1e-10 406621
rs2213020 11 76323657 1e-13 406621
rs10836538 11 36343703 2e-08 406621
rs6592651 11 76574378 9e-12 406621
rs2618070 11 76324763 2e-11 406621
rs1696390 12 120920841 5e-12 406621
rs11065286 12 120833931 2e-13 406621
rs705699 12 55991020 9e-17 406621
rs3024971 12 57099944 4e-15 406621
rs17547610 12 57136558 8e-11 406621
rs3122929 12 57115319 4e-25 406621
rs62623446 12 54974507 4e-09 406621
rs4772189 13 99342319 3e-12 406621
rs912425 13 42423188 2e-09 406621
rs2208397 14 68286570 1e-09 406621
rs17103286 14 35415835 5e-09 406621
rs10152593 15 67183097 8e-12 406621
rs56336520 15 67165502 5e-09 406621
rs1965139 15 41244154 1e-08 406621
rs34986765 15 60777002 5e-18 406621
rs56062135 15 67163292 3e-33 406621
rs12912010 15 67174805 2e-12 406621
rs28617673 15 67078906 2e-09 406621
rs6498169 16 11155472 9e-12 406621
rs17804800 16 11031436 3e-08 406621
rs36045143 16 11131109 3e-20 406621
rs371454 9 6078614 3e-37 406621
rs75557055 9 5888194 8e-09 406621
rs544253 9 6142157 1e-10 406621
rs274943 9 23585841 1e-10 406621
rs12379291 9 5840749 3e-10 406621
rs117248841 9 6169383 3e-09 406621
rs7918084 10 92669710 8e-12 406621
rs12722547 10 6030130 4e-09 406621
rs17363282 10 9078931 3e-16 406621
rs10737105 10 6589261 1e-14 406621
rs1612986 10 9022753 2e-24 406621
rs12413578 10 9007290 4e-21 406621
rs1444782 10 9016708 4e-18 406621
rs7894791 10 8549406 2e-12 406621
rs10791824 11 65791795 7e-18 406621
rs497916 11 118887380 8e-09 406621
rs11236797 11 76588605 3e-47 406621
rs61894547 11 76537586 6e-44 406621
rs7106446 11 76487517 3e-09 406621
rs61892804 11 76362164 5e-08 406621
rs12365699 11 118872577 1e-14 406621
rs2017759 11 76405941 2e-15 406621
rs3197153 11 76658028 5e-14 406621
rs6592657 11 76666775 5e-08 406621
rs7936275 11 10639293 3e-09 406621
rs75097049 17 39232314 3e-08 406621
rs1552458 17 45221021 1e-09 406621
rs11871317 17 39966629 8e-12 406621
rs150597587 17 39948315 3e-11 406621
rs17676191 17 39793671 3e-08 406621
rs11658582 17 40606948 6e-13 406621
rs4795402 17 39929132 6e-30 406621
rs140907835 17 39140376 3e-11 406621
rs56308324 17 47741840 1e-09 406621
rs939348 17 40075600 3e-11 406621
rs112037479 17 39620391 5e-08 406621
rs1893958 18 54303259 3e-10 406621
rs115515961 18 54309883 3e-08 406621
rs12964116 18 63775385 1e-22 406621
rs4574025 18 62342581 2e-12 406621
rs2918300 19 8677192 1e-08 406621
rs892225 19 1152657 2e-11 406621
rs117710327 19 33235672 5e-12 406621
rs9611573 22 41391672 3e-08 406621
rs34492353 6 31552881 6e-12 406621
rs4647195 6 31573180 4e-08 406621
rs2855812 6 31504943 2e-10 406621
rs78546106 6 32337461 6e-11 406621
rs35342892 6 106165888 2e-09 406621
rs9372120 6 106219660 2e-09 406621
rs207270 6 90119163 5e-09 406621
rs6908626 6 90296024 5e-15 406621
rs62407927 6 33472004 5e-09 406621
rs116835963 6 32409276 2e-10 406621
rs9270911 6 32604425 1e-27 406621
rs34104805 6 32621440 4e-17 406621
rs73730372 6 32616804 9e-26 406621
rs2395141 6 32314291 3e-10 406621
rs34853064 6 30977848 6e-09 406621
rs13203830 6 29941027 8e-10 406621
rs41288889 6 32744232 2e-09 406621
rs35449774 6 33063835 2e-16 406621
rs3130169 6 33080325 2e-08 406621
rs41316204 6 32666988 2e-12 406621
rs11751024 6 32618459 9e-35 406621
rs9275241 6 32692964 2e-13 406621
rs9273012 6 32643864 3e-16 406621
rs9275602 6 32715035 8e-10 406621
rs6905736 6 19843536 1e-08 406621
rs34290285 2 241759225 2e-34 406621
rs12023876 1 203124073 7e-12 406621
rs1007027 2 102115136 6e-14 406621
rs61816761 1 152313385 4e-73 406621
rs3917339 2 102165764 3e-09 406621
rs12123821 1 152206676 4e-55 406621
rs2302621 2 102225664 1e-19 406621
rs55875222 1 151790858 5e-25 406621
rs13416555 2 8301605 5e-15 406621
rs12144049 1 152468434 2e-27 406621
rs17775170 2 102635468 1e-13 406621
rs10209131 2 102593137 3e-12 406621
rs72825929 2 102470626 8e-10 406621
rs72825990 2 102562489 3e-16 406621
rs1811711 2 227805760 2e-10 406621
rs79337446 3 33047293 3e-10 406621
rs3828058 1 151813805 6e-18 406621
rs9828592 3 33002847 9e-15 406621
rs4845604 1 151829204 2e-13 406621
rs11811856 1 173202534 1e-11 406621
rs535153283 1 153132598 2e-10 406621
rs1199156 1 152487271 6e-10 406621
rs78037977 1 172746562 1e-09 406621
rs859725 1 172765458 1e-08 406621
rs6755248 2 223799333 9e-09 406621
rs141343442 2 241751355 4e-09 406621
rs2070901 1 161215268 3e-09 406621
rs12469459 2 241776965 5e-12 406621
rs35665093 1 150836557 3e-12 406621
rs874953 2 102113414 7e-10 406621
rs72702900 1 152799487 1e-30 406621
rs72823641 2 102319699 7e-60 406621
rs71625139 1 151829917 3e-17 406621
rs12470864 2 102309902 3e-28 406621
rs150597413 1 152305146 9e-13 406621
rs13022699 2 101671373 1e-10 406621
rs138726443 1 152307547 2e-10 406621
rs1552994 1 152198985 1e-13 406621
rs145282902 1 152219980 8e-13 406621
rs11588970 1 152202679 2e-10 406621
rs115813648 1 152949110 3e-28 406621
rs2999076 3 128239849 2e-09 406621
rs10864360 1 8664463 4e-09 406621
rs13097957 3 156638368 2e-08 406621
rs13099273 3 188415730 1e-26 406621
rs55661102 3 188683350 2e-10 406621
rs7626218 3 177134250 2e-10 406621
rs62324212 4 122639784 3e-13 406621
rs45613035 4 122219915 9e-12 406621
rs2069772 4 122451978 8e-11 406621
rs5743597 4 38800725 2e-09 406621
rs4833103 4 38813881 2e-18 406621
rs75983064 4 38819070 1e-09 406621
rs111066798 4 38753856 1e-20 406621
rs11096954 4 38721343 3e-08 406621
rs13164856 5 132477512 1e-09 406621
rs7713065 5 132452642 2e-15 406621
rs306106 5 111285132 4e-09 406621
rs2162893 5 111222366 4e-17 406621
rs114081163 5 111133934 1e-08 406621
rs149205188 5 111096578 2e-10 406621
rs72799426 5 132748537 1e-09 406621
rs16903574 5 14610200 1e-14 406621
rs9327638 5 132734014 2e-10 406621
rs762534 5 132669064 2e-08 406621
rs17510339 5 132693722 2e-20 406621
rs6894017 5 132616706 3e-27 406621
rs17772583 5 132617818 3e-08 406621
rs249677 5 142159774 1e-09 406621
rs9784725 5 110877812 1e-12 406621
rs7730817 5 110669048 1e-09 406621
rs7714962 5 111223856 6e-09 406621
rs2289278 5 111073450 2e-08 406621
rs1837253 5 111066174 3e-35 406621
rs62375550 5 111051427 6e-09 406621
rs2066844 16 50712015 5e-09 406621
rs8052566 16 27269311 4e-08 406621
rs3785356 16 27337847 4e-16 406621
rs75763833 16 27369351 4e-09 406621
rs61584523 16 87865979 6e-09 406621
rs11648656 16 10926598 2e-08 406621
rs28406364 17 49377145 5e-13 406621
rs1044977 17 45149847 3e-08 406621
rs10468514 17 45378874 2e-11 406621
rs78625142 17 46291264 2e-08 406621
rs141908043 17 39984021 2e-09 406621
rs35142265 17 40113506 2e-17 406621
rs143669790 17 39829526 2e-20 406621
rs114211283 17 39819840 4e-14 406621
rs146459536 17 39822742 7e-34 406621
rs145835664 17 39423130 8e-23 406621
rs3764354 17 39760570 2e-22 406621
rs111935829 17 39925141 9e-09 406621
rs12600751 17 39397398 1e-21 406621
rs11651596 17 39899863 2e-124 406621
rs59843584 17 39968639 4e-18 406621
rs2302776 17 40021896 3e-30 406621
rs6503533 17 40028327 7e-30 406621
rs3152 17 39671417 3e-11 406621
rs76144645 17 39308437 2e-10 406621
rs117137535 9 137605991 4e-09 327670
rs9272346 6 32636595 4e-37 327670
rs72823641 2 102319699 3e-46 327670
rs12634152 3 188403231 1e-16 327670
rs17622378 5 132442760 9e-11 327670
rs2051809 5 132721182 3e-22 327670
rs1117490 6 30202733 3e-08 327670
rs2428494 6 31354420 8e-23 327670
rs28407950 6 32658571 1e-59 327670
rs61816761 1 152313385 2e-65 327670
rs1696361 12 120926020 1e-11 327670
rs2855812 6 31504943 4e-07 357157
rs174584 11 61843278 2e-20 585812
rs2185756 10 92670740 3e-29 585812
rs3104369 6 32634705 9e-15 585812
rs429358 19 44908684 2e-10 585812
rs4933236 10 92738679 1e-08 585812
rs9275511 6 32706552 4e-18 585812
